-2.54750561803
-2.45400620443
-2.33759710143
-2.40448316838
-2.61539516268
-2.6553270611
-2.63222393957
-2.73829945796
-2.8396883163
-2.91191677986
-3.00641253108
-3.11929506545
3.03638779791
2.9309624944
2.86389344043
2.91432211908
2.94793524421
2.97230486511
2.9900445592
3.00432989142
3.01931518057
3.0312546459
3.04106967988
3.05143167067
3.05987849969
3.06718744217
3.0754799716
3.08394656345
3.09059773793
3.08839646769
3.09324786313
3.10283769516
3.11247553923
3.11010599403
3.1175528592
3.12905911872
3.12862159396
3.13704931081
3.1372036752
-3.13495636926
-3.13340650706
-3.12331177298
-3.12204466583
-3.11448460575
-3.10955029534
-3.10504437371
-3.09714569961
-3.08830488682
-3.0767340012
-3.07698577064
-3.07828700574
-3.0770983426
-3.07515169152
-3.07151003223
-3.06774151931
-3.06417871406
-3.05954093943
-3.054575293
-3.04870858472
-3.04191143938
-3.03514934267
-3.02934470422
-3.02328687914
-3.01636851896
-3.01053389274
-3.00460206953
-3.00889804678
-3.01766810625
-3.02647712942
-3.05323067132
3.10778268416
2.98414062159
2.95341533012
2.93648533553
2.9171613612
2.88710875059
2.84871050828
2.78984814136
2.72319741404
2.65469728735
2.5887760668
2.52592653391
2.47586902663
2.43125087837
2.38038007406
2.33713298566
2.28638602602
2.22911690536
2.17853533872
2.11551391965
2.04622001632
1.97262762069
1.89899060869
1.8621203367
1.82826224033
1.80033551885
1.76444995873
1.72523312245
1.68331552342
1.64620419604
1.60029496011
1.55913172844
1.50897132529
1.46480310268
1.43811702928
1.40321917673
1.35709717495
1.29866449817
1.24908317522
1.19094938956
1.12898197207
1.07863419621
1.01944127401
0.968505010878
0.908303404963
0.857824366465
0.797444712845
0.736170290804
0.684434261271
0.633783691361
0.573111354268
0.521263145582
0.459525716069
0.397558141751
0.336689857802
0.284676992706
0.22572829591
0.182728604425
0.137780545453
0.106764257213
0.0756119466892
2.95698368575
3.06697024221
-2.99800975713
-2.9271877948
-2.89508754986
-2.85346146038
-2.82959156085
-2.82274191535
-2.83092322477
-2.84551744691
-2.86328109755
-2.88105439985
-2.89517836365
-2.90575435091
-2.91132162166
-2.91160455236
-2.90755422568
-2.8983210007
-2.88573606732
-2.8721265987
-2.86125727937
-2.84962060497
-2.84111562032
-2.83656401881
-2.83282125407
-2.83260362981
-2.83155850562
-2.83191901262
-2.83122535504
-2.82911348186
-2.82483655123
-2.81882201538
-2.8128087773
-2.80469600808
-2.79622753913
-2.78932813612
-2.7817092984
-2.77582309052
-2.76929396877
-2.76371764396
-2.75964815885
-2.75474697409
-2.75012842287
-2.7462727778
-2.74121883442
-2.73583262388
-2.73105110529
-2.72696290936
-2.7198589246
-2.70974295792
-2.69769472269
-2.68250014359
-2.661950038
-2.65056934552
-2.64922285586
-2.65311259328
-2.66265316671
-2.67213431224
-2.68059836393
-2.67451609601
-2.66753592312
-2.66177490963
-2.65502924618
-2.64931333629
-2.64277080459
-2.63734405955
-2.6320227043
-2.62587446358
-2.62062592143
-2.61447098995
-2.608370633
-2.60630163476
-2.60477942673
-2.60363370733
-2.62539371857
-2.71451406576
-2.844318939
-2.88938905718
-2.90463932199
-2.9139200353
-2.93616394103
-2.97642349834
-3.02473468522
-3.09593802885
3.10860111057
3.03258117692
2.96462847251
2.90621073653
2.86467977376
2.8226803119
2.77970778963
2.73205462203
2.68638703053
2.6278676853
2.56128986815
2.4893710642
2.4272664639
2.35618939286
2.30260264611
2.26535378235
2.23930133627
2.20727907247
2.17145267172
2.13283425122
2.0990581701
2.05626171154
2.00967824569
1.9607394134
1.91865131645
1.86751940533
1.81437728028
1.76921267949
1.71504267013
1.65946263199
1.61223580111
1.55688159422
1.50948450316
1.45250408655
1.39547946808
1.33677741465
1.28827529564
1.22986146195
1.17077758
1.11077944181
1.06092027053
1.00149288208
0.940002956423
0.890870487931
0.828799101833
0.76746868277
0.719489070662
0.667743584707
0.624025903896
0.595502201995
0.567270574574
0.550249695193
0.533349721542
0.524916773768
0.520939678818
0.514282563649
0.512632819246
0.509558751998
0.50937393268
0.509681108268
0.506716778957
0.506624565435
0.506399476701
0.503137745514
0.501983493021
0.501005440312
0.497116108754
0.494936495274
0.493039886801
0.488539993785
0.485935124539
0.481735112189
0.478034024026
0.474691732589
0.469441402456
0.465602192853
0.461620387891
0.455693529498
0.450614402864
0.446011139479
0.439712126017
0.433863384516
0.428777425791
0.422002308914
0.416700125035
0.409714959512
0.40407777591
0.391025806769
0.384400357383
0.380957591414
0.367078005992
0.361191075791
0.358606850409
0.34900418389
0.331131687852
0.32818397147
0.326514353108
0.314279382084
0.309225350869
0.296026548404
0.293041013223
0.282086225696
0.278097616708
0.26692879632
0.251039868767
0.249854103924
0.237557485209
0.235451238717
0.222906689717
0.21081853777
0.207984217987
0.199570214381
0.185107796243
0.185726903012
0.176648552801
0.161681223122
0.149619178553
0.150350386025
0.143154429194
0.128481361179
0.118196689977
0.106493612396
0.107748053368
0.0995137504669
0.0925511520354
0.0869555587324
3.04106536204
3.11749292176
-3.05709982129
-3.01099004472
-2.96895935771
-2.95847946892
-2.96183297271
-2.9780157825
-2.99523692378
-3.01081214582
-3.02089768814
-3.01554840617
-2.99583893389
-2.9775485634
-2.95772951347
-2.93945565753
-2.92477058504
-2.90740555839
-2.89221783808
-2.87396453233
-2.85764726259
-2.8361716099
-2.8115513898
-2.78885006485
-2.7709588684
-2.76260642873
-2.76109987147
-2.76113451593
-2.76275181353
-2.76326079973
-2.7534946288
-2.73809708551
-2.7243085054
-2.7125373981
-2.69876686621
-2.68505351393
-2.67399788868
-2.66097858577
-2.65033864047
-2.63773139553
-2.6252885634
-2.61514906758
-2.60364091109
-2.59443240357
-2.58824155992
-2.61011291668
-2.64949089333
-2.70653209508
-2.76072307451
-2.82696729734
-2.88383898287
-2.9259839758
-2.96113253886
-3.00704040192
-3.05006499772
-3.09319277734
-3.12990944802
3.11520996322
3.07864275452
3.03084678719
2.98422420106
2.92683933909
2.86547637633
2.80225164322
2.74904229023
2.69058496612
2.64253920103
2.58981550512
2.54310224282
2.50668006894
2.47368090195
2.44387812704
2.41639189273
2.38791492237
2.3566008711
2.32299988746
2.29327301429
2.25684210978
2.2179621669
2.1828329444
2.13962653038
2.10163852631
2.0558502632
2.00763735265
1.9584652717
1.90859301506
1.86637591831
1.81594135036
1.76549860363
1.71733425112
1.67323049031
1.62063427434
1.5685430445
1.51372506969
1.46667460069
1.40670913245
1.34785208131
1.29699004054
1.23566836294
1.1726265458
1.11951902155
1.05640002203
0.993119466386
0.944040011236
0.888731570891
0.843267723992
0.812885523934
0.783161319062
0.75640353208
0.740041042887
0.721071370092
0.707223265632
0.697242489349
0.6818104835
0.669961350227
0.658365645384
0.647848595409
0.632023067837
0.618256795646
0.606610362754
0.58986989697
0.573702121869
0.556919645428
0.542073789197
0.521848604296
0.502049360011
0.481802268825
0.460390811525
0.438115906888
0.410978312943
0.387874570325
0.358318650935
0.332842769347
0.305868680584
0.273471725545
0.241368704423
0.212988700852
0.181521012691
0.145694564609
0.115741047109
0.0797164204131
-2.96338749176
-2.35783571278
-2.47090910669
-2.2865361028
-2.37878817675
-2.35910718688
-2.29135802984
-2.24091025055
-2.18977157687
-2.21099486048
-2.1410820059
-1.97919164739
-2.02479504312
-2.23105393753
-2.31649804727
-2.31795825355
-2.40447783763
-2.49978397727
-2.55687478914
-2.62803460124
-2.69487956581
-2.76787592664
-2.8347360519
-2.9113914206
-2.97969652006
-3.03773497697
-3.08414389016
-3.1052183944
-3.0923513192
-3.08193380755
-3.07664036657
-3.0712135596
-3.06575781322
-3.06149015808
-3.05546053622
-3.049840205
-3.04449871372
-3.03907488664
-3.0339125927
-3.02848944769
-3.02337385833
-3.01713667379
-3.01198999183
-3.00587328108
-3.0006841188
-2.9946359004
-2.98959736635
-2.98843252256
-2.987829692
-2.98831772653
-3.04588878986
3.12153739805
3.07315011104
3.03599657128
3.02454522601
3.00865920766
2.97922330274
2.9350703096
2.86719085152
2.79764046279
2.72102659984
2.66246541609
2.60630636992
2.56420294212
2.51890681869
2.47933910176
2.42863980127
2.37056697322
2.31701882214
2.25171266837
2.19540761149
2.14029477752
2.07434847721
2.01602996081
1.95861803153
1.91039942604
1.86519520446
1.83576799774
1.8005288112
1.76863580691
1.72838289095
1.69357339795
1.64889329606
1.60977405867
1.56074158927
1.50966250487
1.46521038183
1.4123442955
1.3644358175
1.3170114779
1.25912113443
1.20018955006
1.15125759004
1.0915760393
1.04090028495
0.98099817886
0.930682604505
0.870189565496
0.819418384011
0.758055143415
0.706682707923
0.645347092916
0.5949174784
0.534575644469
0.483049433842
0.421718794409
0.36985517165
0.308605463743
0.2568252235
0.195188228081
0.15613756784
0.115860829554
0.0909490500156
0.0699021279497
2.9537452876
3.06111834925
-3.00983347798
-2.94448904975
-2.92092051591
-2.89472415276
-2.87805573406
-2.86561226217
-2.8651233554
-2.86928180809
-2.87679829176
-2.88977258865
-2.90204842135
-2.91017857915
-2.91390934375
-2.91377183338
-2.91170450909
-2.90578423205
-2.89941897256
-2.89019592332
-2.88243889932
-2.87334406559
-2.86666475762
-2.85941504227
-2.85471518799
-2.85066249184
-2.8469318759
-2.84330431426
-2.84016599771
-2.83597300435
-2.83236914305
-2.82814010032
-2.82246081801
-2.81649068881
-2.81138041305
-2.80490061728
-2.79840813746
-2.79309112698
-2.78760514038
-2.78097989908
-2.77563414402
-2.76934020557
-2.76430840084
-2.75937617564
-2.75345436335
-2.74763023936
-2.74289148895
-2.7370720778
-2.73226832124
-2.72732731154
-2.72070997886
-2.71262295808
-2.7013580557
-2.68469599627
-2.66731070673
-2.65601925235
-2.65437655331
-2.65753249791
-2.6657421539
-2.67390160318
-2.68137850979
-2.67618868888
-2.66942467766
-2.66241661745
-2.6566963324
-2.65007716058
-2.64451287597
-2.63917208654
-2.6328856476
-2.62757470699
-2.62236099129
-2.6163219827
-2.61123165326
-2.6055906566
-2.60404369684
-2.60313382732
-2.62430225971
-2.67395703817
-2.727215983
-2.79227327832
-2.84842880441
-2.91408048903
-2.97077454038
-3.01410746734
-3.05472321951
-3.10096852603
3.13741180341
3.10166778333
3.058879817
3.01644960401
2.96175864922
2.89749947571
2.83954513012
2.7731397325
2.70601692085
2.65001428453
2.59867661087
2.54065212383
2.48344291429
2.43553662915
2.37946097145
2.33468464094
2.29145314812
2.25524266004
2.22803278604
2.19185960066
2.15288095801
2.11889371884
2.07625838537
2.03839121754
1.99157780386
1.95030658743
1.90754259333
1.85816819307
1.81469861052
1.7614012394
1.70651179278
1.65945696808
1.60441327414
1.54781714125
1.50056016873
1.4533230273
1.39597416478
1.33805990661
1.28918621946
1.23167220728
1.18278267682
1.12377579582
1.07337559502
1.01418683238
0.963522602509
0.906141049143
0.856523524794
0.806633880293
0.74551552496
0.700537466196
0.659274986153
0.615407041594
0.588359358246
0.561250890662
0.546255991331
0.531369796434
0.524683626695
0.516656550054
0.514256318031
0.509962638647
0.509453000421
0.506712923845
0.506925425861
0.505171543786
0.505134295195
0.503009447681
0.502702024263
0.500241851685
0.499409773633
0.496369218315
0.49491796407
0.491965335638
0.488040084311
0.48606574837
0.482917208875
0.478543902865
0.475873442809
0.47200035124
0.466756891316
0.463397892315
0.458143250023
0.45414838731
0.449086967054
0.444018624447
0.437885824976
0.432943623748
0.427678470337
0.420960922921
0.415693139578
0.408850065574
0.403347433364
0.389408353684
0.380030150017
0.378335043651
0.373211169134
0.356799289055
0.352081389947
0.348958411891
0.336654339648
0.331791747096
0.328873999202
0.316266779043
0.299997524599
0.298459840924
0.288710237091
0.285253207297
0.271580741891
0.268705574794
0.258323143931
0.242485236337
0.241706618281
0.230321614649
0.228179319318
0.218737032921
0.204158397793
0.203995713122
0.194781034156
0.180479931798
0.180356684102
0.171251420544
0.159250365503
0.146591395546
0.147550684034
0.139884034176
0.127573158262
0.114500005103
0.105222313504
0.0952109793936
0.0968479123873
0.091647807259
0.0869702075015
3.02908304062
3.12379542525
-3.03611258828
-2.95808088505
-2.90569536155
-2.89328375771
-2.9002441276
-2.92237465595
-2.95115527937
-2.97691209585
-3.00127862049
-3.01770373803
-3.02460573353
-3.00671360904
-2.98759794797
-2.97103685817
-2.95232509845
-2.93727630864
-2.9228300938
-2.9080658586
-2.889628459
-2.8744326476
-2.85847371051
-2.84088365653
-2.81694151359
-2.79478193366
-2.76825557139
-2.75351826773
-2.74733356925
-2.74558219824
-2.74962951125
-2.75432919437
-2.75785480049
-2.75147431321
-2.73751459567
-2.72438940299
-2.71029933033
-2.69888342099
-2.68535470196
-2.6741037148
-2.66096125218
-2.65017270463
-2.63762908044
-2.62722351824
-2.61692734022
-2.60562293181
-2.59911679877
-2.5922624495
-2.60902708268
-2.65108420187
-2.69815717847
-2.75727656002
-2.81234376173
-2.88037384268
-2.93884746461
-2.98594561125
-3.00776861499
-3.0337313029
-3.06375558638
-3.09576856658
-3.135992078
3.09112386836
3.02432630806
2.96558611433
2.90332116683
2.84444563278
2.79776285267
2.7552576501
2.7078717459
2.66772794381
2.62062603277
2.57080157878
2.52729882817
2.47560823627
2.44458786421
2.41662066695
2.39328353805
2.36269165901
2.33541586654
2.30120449119
2.27048465601
2.23211686086
2.19023171335
2.15385677851
2.1097123361
2.06305541532
2.02318092438
1.97565016714
1.93441893168
1.88476737347
1.83351813962
1.79034606996
1.73990998446
1.69756027553
1.64516023195
1.60007798629
1.54501520741
1.48838127688
1.43927430682
1.38050667904
1.32899238574
1.26839322307
1.21686363191
1.15501551055
1.10102800195
1.04684211601
0.981777164178
0.923002230376
0.880398016139
0.842130905714
0.802080247339
0.773936496967
0.751725428159
0.7364087629
0.717081788407
0.705251739976
0.692449140118
0.68041931378
0.665837183534
0.65644254565
0.644761634273
0.629851762839
0.617633518351
0.606791760252
0.593117227093
0.577504951505
0.563319504556
0.545131395612
0.53089390606
0.511108502311
0.49210125898
0.475438988416
0.452862711625
0.434467363371
0.414865263522
0.390333541862
0.366374173086
0.34573845477
0.323598727771
0.296316153475
0.273917789551
0.246029096094
0.22276735737
0.198585644886
0.168903749557
0.144539068018
0.114262728215
0.0841807382236
-2.13013244221
-2.52267017257
-2.44149581995
-2.34366059742
-2.4441171319
-2.67338036829
-2.70413617785
-2.69122377017
-2.79944233999
-2.86845529467
-2.93499624017
-3.01044601689
-3.09457548291
3.0824626101
2.96696534282
2.91159535605
2.92808364903
2.95568350244
2.97396168209
2.9908700536
3.00407216488
3.01686354972
3.02734287789
3.03605184384
3.04553068163
3.0537511459
3.06239329422
3.07113744353
3.07815369853
3.08554034616
3.09332706141
3.09957316694
3.09693657861
3.10161312589
3.11351702944
3.12129766774
3.11947081682
3.12487606962
3.13741774724
3.13739362906
-3.13921457925
-3.12831160528
-3.12896802961
-3.12220002571
-3.12183835387
-3.11420194084
-3.10257264463
-3.09760640497
-3.09215151196
-3.08272094029
-3.08321363335
-3.08478940054
-3.08481790915
-3.0825851321
-3.07953791596
-3.07574068211
-3.07127798424
-3.06640654995
-3.06091392397
-3.05547806502
-3.04938306318
-3.04360811748
-3.03714139237
-3.03108803848
-3.02433581826
-3.01844214795
-3.01180565883
-3.00637885778
-3.00917243353
-3.01849623022
-3.02837147522
-3.0543772874
-3.10458151833
3.113897654
3.05013882326
2.9681231632
2.89614240081
2.83584003509
2.79641493089
2.77495656701
2.75502707445
2.72327722366
2.68164664201
2.61996554909
2.55449274899
2.47315674216
2.38977623328
2.32336946968
2.25567017632
2.20933068722
2.16256190035
2.12049072401
2.07023809467
2.02581417396
1.9690906925
1.91017382645
1.86260353384
1.83231069684
1.79504090885
1.76242691427
1.72174952459
1.68561906448
1.64086681127
1.60107014127
1.55187691465
1.49962924811
1.45544555666
1.40105527078
1.35285227808
1.29646062997
1.24692364178
1.18950572478
1.13940720049
1.07935331425
1.0294698392
0.969628733513
0.919332915849
0.858928744938
0.797557546308
0.746937923551
0.68613462583
0.635325726337
0.574657736899
0.52322499089
0.472241521339
0.41014132383
0.358928511959
0.297578039749
0.24754393872
0.20201390529
0.151815617345
0.119128842047
0.0859217636375
2.96036966183
3.06822139758
-3.00114131617
-2.93788631405
-2.91005734868
-2.87538787085
-2.85561435121
-2.83997548577
-2.83773168539
-2.8407455795
-2.85285488279
-2.86698317158
-2.88021550986
-2.89277845836
-2.90223535136
-2.90639495687
-2.90403608721
-2.89851177403
-2.88969394808
-2.87727118028
-2.8665141755
-2.85454425135
-2.84438182206
-2.83826933584
-2.83288127246
-2.83060069558
-2.82840074169
-2.8275414376
-2.82613416326
-2.82345776123
-2.82043232558
-2.81739175064
-2.81320089362
-2.80720887855
-2.79985766018
-2.79353052453
-2.78722615718
-2.78116449055
-2.77655328821
-2.77096868727
-2.76573689108
-2.75986173609
-2.75631323323
-2.75176906406
-2.74732082289
-2.74210633125
-2.73795403954
-2.73361601603
-2.72910469622
-2.72353298594
-2.7188133653
-2.71216597968
-2.703827959
-2.68802130605
-2.66859413286
-2.65896569574
-2.65608915975
-2.65752556274
-2.66100125408
-2.66599201568
-2.67104434944
-2.67486113962
-2.67311314691
-2.66803990564
-2.66267090727
-2.65648436549
-2.65117412626
-2.64519856776
-2.63930318523
-2.63412402696
-2.6281425814
-2.62309194302
-2.61718103117
-2.61223759413
-2.60641458277
-2.60525740778
-2.6050107634
-2.60627289951
-2.6648799565
-2.76861740009
-2.83729684719
-2.8685626302
-2.87666424575
-2.89202886483
-2.93270453573
-2.98424028725
-3.03459843315
-3.10118979483
3.1079030498
3.05028793028
3.00227008657
2.9529465944
2.90539991685
2.86521302256
2.81629050479
2.77150464053
2.73406150707
2.68787077013
2.62851916916
2.57420765929
2.50594213967
2.44673304176
2.38857071261
2.33965606996
2.30283206232
2.26383627717
2.23096186178
2.20285713169
2.17169713828
2.13301352552
2.09885940307
2.05611412762
2.01009629568
1.96959216878
1.92986862302
1.8878156505
1.84446907129
1.80121665832
1.74746570099
1.70070165805
1.66368423739
1.61011254069
1.54443747172
1.47619169964
1.42808014667
1.36212321604
1.3041163149
1.23532241472
1.17585410687
1.10697685321
1.04714600066
0.988376166405
0.928901772337
0.85798427099
0.806914516319
0.746166865361
0.70077720578
0.650875511549
0.617650482761
0.582940290648
0.559168985903
0.545027034341
0.532420768759
0.520058291706
0.516520613175
0.512875406285
0.509845196498
0.506534949385
0.507232268231
0.508041364738
0.508480758359
0.506059614559
0.502787320592
0.502428396126
0.500477541119
0.499295356535
0.496705383954
0.495129353491
0.491472321602
0.489386227063
0.485146045275
0.482588321405
0.478379882267
0.474749177198
0.471415278329
0.465807967118
0.461838297863
0.457099609058
0.451053257551
0.446766056486
0.440924191285
0.436134445182
0.429698396268
0.423591281848
0.418388054731
0.41125961824
0.405775291543
0.390814920172
0.384455089918
0.381365760766
0.376633280309
0.362620051622
0.353687437158
0.352352249813
0.340059313433
0.334702312121
0.331938444082
0.318824406129
0.313910121584
0.299938143843
0.296325720955
0.285535060996
0.28203963908
0.270977272195
0.257983014513
0.256463481972
0.243665350682
0.241249686074
0.231491430798
0.215973616491
0.216096929338
0.206729822601
0.191255579459
0.190520214757
0.179088376272
0.165215749437
0.165187716321
0.156805987647
0.143616537171
0.131750946027
0.121809362361
0.122428270165
0.114112197465
0.100950586078
0.0938415385843
0.0877057245643
0.0841591806888
3.04178297363
3.13870926177
-3.00993616921
-2.91653333404
-2.8660646071
-2.85287850662
-2.87070628105
-2.90637501857
-2.94477787486
-2.98524283362
-3.01655810999
-3.03958690027
-3.02049017348
-2.99944404492
-2.98344675254
-2.96535217208
-2.95035877565
-2.93607263368
-2.91905195342
-2.90425028446
-2.8865122244
-2.87206435885
-2.85340306779
-2.83563285226
-2.81200901789
-2.78983429218
-2.77024909605
-2.76216469315
-2.75779074123
-2.75875641582
-2.7598526753
-2.76064306142
-2.75308457137
-2.73802810178
-2.72311764866
-2.71107606028
-2.69737944868
-2.68604815057
-2.67260137545
-2.66156494758
-2.65079705829
-2.63817652895
-2.62784722424
-2.61556958308
-2.60606359903
-2.59855139539
-2.59050586487
-2.58599662527
-2.63959302308
-2.83892575413
-2.96599126945
-2.94826526015
-2.92736888085
-2.94756129138
-2.95184639602
-2.95746463935
-2.98135864932
-3.06092983443
3.07386800943
2.99389591907
2.93911908401
2.93451714629
2.91442042502
2.90118715448
2.8933099465
2.87503117612
2.85271523869
2.80618644339
2.77638939876
2.71643889867
2.65547107356
2.59177481964
2.52872399561
2.45609615799
2.40806296182
2.38182757902
2.36283782872
2.33321046561
2.299040009
2.27732498924
2.24126464518
2.20727298786
2.15816812154
2.11165497177
2.07274360068
2.02659795996
1.98590487111
1.93679259562
1.88656905251
1.83468424153
1.7910247891
1.74082588195
1.68866408056
1.64402439753
1.58947932857
1.54291022272
1.48732458016
1.42712997643
1.37724231109
1.3161710096
1.26495221911
1.20250740441
1.1484854145
1.08455744781
1.0181548774
0.966148484374
0.918844525255
0.875500184241
0.838318779925
0.807063880571
0.785396991168
0.759920359803
0.740568738428
0.724728133237
0.713500045719
0.69783775313
0.685894331313
0.673665654097
0.666282593432
0.658407088251
0.645384831274
0.633880458933
0.625294670033
0.612477117728
0.600350111453
0.588511834053
0.575988013239
0.562671376353
0.548633469328
0.533901624218
0.521724817631
0.504445840841
0.487994368484
0.471267193173
0.457120137925
0.433963199805
0.419582841553
0.396120440784
0.376630239232
0.360352562727
0.334057587473
0.317010251005
0.294724879159
0.276407628495
0.252904694668
0.229331921866
0.210399171427
0.185870822424
0.161512393873
0.137002866954
0.111127365266
0.0797708624443
-2.96796700493
-2.9403206329
-2.89094825273
-2.94690550898
-3.0291814823
-3.11075922159
3.07368802383
2.9893361875
2.90278108386
2.90600373516
2.94085418146
2.96610689341
2.98229505423
2.99750257645
3.01114012082
3.02065120995
3.01931022331
3.02733727308
3.03958460154
3.03918561721
3.03712784275
3.04783139788
3.06178398685
3.06198052149
3.06016725199
3.07399131548
3.07614923342
3.0758115133
3.08736021127
3.09389251675
3.09394550726
3.10603295373
3.10944402861
3.11011418417
3.12534488063
3.12834291921
3.12789441921
3.1303259611
-3.13931327808
-3.13474367972
-3.13352375235
-3.13106380346
-3.12741220401
-3.1130101451
-3.10744774471
-3.10387332041
-3.09508315607
-3.08397145402
-3.07384461253
-3.07118821112
-3.07276484042
-3.07142350904
-3.06848241452
-3.06443859648
-3.06072740228
-3.05621293598
-3.05183438483
-3.04658964894
-3.04178981774
-3.03600640607
-3.02975988012
-3.02460937942
-3.01881884273
-3.01352544354
-3.00753537704
-3.00106815609
-2.99588873002
-2.99687934418
-3.00037603171
-3.00381466753
-3.02767025971
3.13443354833
3.02692279597
2.99537497678
2.97759067699
2.96742603903
2.94562892937
2.91103023561
2.85000407999
2.782478041
2.70347500181
2.64208251593
2.57948941876
2.52411490328
2.48283564015
2.4372212576
2.38814852902
2.34304993144
2.29576819997
2.2362776899
2.1810332256
2.11470666355
2.05504302292
1.9831564598
1.90879566367
1.8620847195
1.83400124359
1.80021554204
1.76388017314
1.72459673811
1.68254934484
1.6452211371
1.60711099559
1.55829174509
1.51538392981
1.46339441273
1.41212045714
1.35546878179
1.30775499549
1.24917622309
1.1999312998
1.15212979335
1.09619466924
1.0462737286
0.986407223274
0.935972013947
0.876050117603
0.825395110311
0.766808764138
0.708183408161
0.658283279594
0.597233907702
0.546039587548
0.484994487483
0.433672927943
0.371760822266
0.320559707304
0.25921911891
0.21248483215
0.161756187787
0.127357787552
0.0950690945428
0.069407753133
2.96697330979
3.08070869975
-2.98158497587
-2.90601191404
-2.86218381811
-2.83594460313
-2.82460106502
-2.82931966651
-2.84355684069
-2.86275013349
-2.88387098378
-2.90575842842
-2.92146528025
-2.92939627273
-2.93136823074
-2.92778476844
-2.91992450372
-2.90891747744
-2.89463494825
-2.8793478538
-2.86808857091
-2.85729074143
-2.8510971425
-2.84650727534
-2.84417880683
-2.84399388771
-2.84359754438
-2.84208785266
-2.84067280363
-2.83771770548
-2.83356571201
-2.8291275517
-2.8227056691
-2.81499574059
-2.80816324368
-2.80006696618
-2.79326222147
-2.78576411088
-2.78027111796
-2.77428570722
-2.76894817054
-2.76489175971
-2.75992512807
-2.75574834017
-2.75126882411
-2.7455489921
-2.74059802141
-2.73448248288
-2.72816453479
-2.72268863584
-2.71434759778
-2.70154658567
-2.68704229734
-2.6666022906
-2.65518093788
-2.65299932871
-2.65668534336
-2.66379402206
-2.67245772982
-2.68052430297
-2.67674940915
-2.66864811824
-2.66120783918
-2.65542583763
-2.64883592339
-2.6432380115
-2.63680153928
-2.63142800125
-2.62521342294
-2.61900058061
-2.61390544401
-2.60802069282
-2.60581474599
-2.60452494406
-2.60406838521
-2.62669068541
-2.72279954381
-2.85414081213
-2.91181742171
-2.92886234496
-2.94566775743
-2.96505884231
-3.0017248124
-3.05615776522
-3.11573654397
3.09691284196
3.02857668218
2.97545569342
2.9172467423
2.86641532806
2.8194137222
2.77799426696
2.72556565385
2.67031900102
2.60901406803
2.55381405832
2.49001535524
2.43532479758
2.38107469758
2.31832173131
2.27578560191
2.24873729698
2.21613778999
2.18018439403
2.14234570002
2.10112349927
2.06425065396
2.02213068977
1.97432301689
1.93232430912
1.88165103892
1.82877759944
1.78290767804
1.72971011102
1.67413748151
1.62742538994
1.57258993004
1.51525378709
1.46772256161
1.4104250726
1.35217270518
1.30315473511
1.24551528734
1.18672182578
1.13698048325
1.07735127781
1.02750028856
0.967302899765
0.907989197995
0.855639176716
0.800503347954
0.737789241937
0.692724479922
0.644485069914
0.61195446201
0.57880979996
0.555834097508
0.542865779317
0.528437162472
0.522079648059
0.51586836671
0.509630340069
0.509128938443
0.506956329576
0.504017190474
0.505189910816
0.504417549845
0.504579368666
0.503710243125
0.50192592843
0.499375636681
0.498619957039
0.496181234281
0.494676009585
0.491228116476
0.489110290836
0.485043438607
0.482128483043
0.479187193135
0.47425234998
0.470672826247
0.466255514005
0.460648495675
0.456163059255
0.451965437613
0.446906024212
0.441088163113
0.435861963704
0.430198232531
0.424976275715
0.41800593376
0.412682734896
0.405647157122
0.392025000852
0.38573389826
0.382447609569
0.37809436751
0.361152404988
0.35686402359
0.353938364267
0.341592941006
0.33654742512
0.334051813579
0.320733984047
0.315569990545
0.304330207983
0.300108994302
0.289413724371
0.285912575318
0.274972976785
0.267088502982
0.255112934616
0.253391171138
0.24347610124
0.230451165162
0.225157481228
0.216819564172
0.211583836775
0.203012221285
0.188701833158
0.188412776281
0.179169127084
0.164983634803
0.16519566534
0.153445494383
0.141405788474
0.129293471295
0.13061933552
0.122142196447
0.107742187853
0.0976265102205
0.0917146831229
0.0870966922832
3.03352038
3.0933824492
-3.06936616657
-3.02512575391
-2.98731602124
-2.96889275291
-2.95870624334
-2.96026799625
-2.96751657124
-2.97476480163
-2.98199185248
-2.98598657271
-2.98379298277
-2.97352911159
-2.96080598996
-2.94142503136
-2.91965969978
-2.90087164859
-2.87959718974
-2.86356137321
-2.84613861385
-2.83152117634
-2.81540253223
-2.79439443246
-2.77292682784
-2.75845719303
-2.7533518888
-2.75160229623
-2.7543564138
-2.75884971459
-2.76079729489
-2.74785945684
-2.73393724953
-2.71898966402
-2.70723846269
-2.69343725331
-2.68204366298
-2.66875257462
-2.65573873943
-2.64511099506
-2.63248009097
-2.62227714954
-2.61012533347
-2.60182079592
-2.59319161642
-2.58609451914
-2.60413844243
-2.69403316302
-2.81111762968
-2.87049081204
-2.87691312535
-2.8827190984
-2.89999565031
-2.92492177186
-2.96970381878
-3.02149747395
-3.08668143684
3.13936459022
3.07510747855
3.0271002815
2.98691521686
2.95222573963
2.91932711838
2.88548655634
2.85779220599
2.81970531336
2.78685615675
2.7444496745
2.68812981321
2.63466588349
2.5698735885
2.51347826821
2.46485052911
2.43607820454
2.40884355409
2.38675303339
2.35776673053
2.32558518381
2.29711211774
2.26718711721
2.23567042904
2.20241008996
2.16050501395
2.11572542785
2.07733114552
2.03896170173
1.99974692624
1.96776199682
1.93588127045
1.88738661067
1.84457030015
1.79276843106
1.75844853163
1.70956296228
1.66695757076
1.62256951314
1.58698002037
1.53389482995
1.48694149328
1.42761014247
1.37799569369
1.31784143672
1.26647833944
1.20258908535
1.16190889289
1.10895529861
1.0442674716
0.990566479058
0.939408671586
0.885208314117
0.847054812494
0.808015542201
0.78313365231
0.756047489738
0.739227665255
0.720058450137
0.708334550047
0.69277684659
0.683017958492
0.669503924882
0.657664472449
0.646220239827
0.637757247109
0.622383068561
0.6085974195
0.59552521335
0.582064461361
0.571034499948
0.552354594854
0.539117208106
0.524331722519
0.508201238869
0.491492961399
0.474386457489
0.456611183083
0.43829563295
0.423262683316
0.402905172408
0.379141487716
0.359909048254
0.338981324824
0.321508000828
0.298699331401
0.280747481252
0.257481500383
0.238922085065
0.21523237634
0.191430796307
0.172153190316
0.147342122751
0.122686728675
0.102763298507
0.0728718857485
-2.97679612643
-2.96791406036
-2.49512528464
-2.93063572854
-2.43218923583
-2.45490582687
-2.4244526728
-2.357480147
-2.25274915461
-2.3858828218
-2.57840805371
-2.6134738544
-2.58794785977
-2.70120289611
-2.78526933402
-2.85255219318
-2.92337070382
-2.9984490926
-3.09324475818
3.12037657746
3.05064454583
3.01865109865
3.03159167563
3.04852208639
3.06273581027
3.07609339121
3.08577286668
3.09385469351
3.10281524292
3.11029981139
3.11825492912
3.12371113583
3.13121291813
3.12867941554
3.1361840877
-3.13817707569
-3.13965852367
-3.13323043958
-3.12362389447
-3.11992120796
-3.11257735985
-3.11005260353
-3.10251841023
-3.09414182252
-3.08663921466
-3.08801829822
-3.08888026738
-3.08767633176
-3.08558152341
-3.08220063604
-3.07802759651
-3.07249819481
-3.06738645714
-3.06170271221
-3.05617550931
-3.05094728282
-3.04462888239
-3.03813096069
-3.03199339423
-3.025369389
-3.01929472763
-3.01256934793
-3.00789108369
-3.01310525835
-3.0232829048
-3.03273831899
-3.05830787077
-3.1044781848
3.12734993158
3.06936973021
2.99725150104
2.91623987793
2.8643375053
2.82392459598
2.78252237042
2.73933913641
2.70210711738
2.65799484039
2.60361360831
2.55038513827
2.48337592336
2.42334885513
2.35514928498
2.28777555901
2.22208619843
2.16920220147
2.11086765042
2.06149093163
2.00712592203
1.96102842857
1.90852318837
1.86667796995
1.83628260415
1.79970975382
1.76072972697
1.72623541864
1.68380209026
1.64568714985
1.59816094309
1.55649886935
1.50637711046
1.45296267441
1.40628141598
1.35870771419
1.31049130569
1.25465505086
1.20584478852
1.15506923989
1.09687971235
1.04665689237
0.98736060731
0.937014609925
0.887203170894
0.826679781521
0.775376683837
0.715277294853
0.665106747545
0.604937200458
0.554279853153
0.496064153687
0.436985841862
0.385932890956
0.324703662752
0.272960194525
0.217057384161
0.174985124794
0.130118018931
0.102239174329
0.0747701314945
2.96155997946
3.06948741535
-2.9692430394
-2.92148706164
-2.88630113593
-2.86493594853
-2.85410721142
-2.85134777771
-2.8554108201
-2.8659956309
-2.88331011359
-2.89517489055
-2.90527492941
-2.91256655021
-2.9160807518
-2.91430247496
-2.90996420067
-2.90130080473
-2.89273039611
-2.88226549708
-2.87153250175
-2.86387446164
-2.85618335258
-2.85147439412
-2.84686362821
-2.84385316423
-2.84218544817
-2.83943411239
-2.83697866048
-2.83277682676
-2.82880482929
-2.8245499204
-2.81779017753
-2.81184904582
-2.80452931167
-2.79855793796
-2.79278457085
-2.78596964796
-2.77971274709
-2.77493683562
-2.76930784409
-2.76397655855
-2.7596785729
-2.75423151238
-2.74963766131
-2.74466677983
-2.73847975455
-2.73217517834
-2.72696884648
-2.72019628866
-2.71227257275
-2.70119222858
-2.68411387431
-2.66680908165
-2.65556122237
-2.65382353476
-2.65786074954
-2.66501140891
-2.67348787692
-2.68006717981
-2.67789987743
-2.66870114983
-2.66243095787
-2.65573680385
-2.65005271591
-2.64349181925
-2.63805069475
-2.63174997561
-2.62645724086
-2.62041052259
-2.61521982471
-2.60921266555
-2.60477787071
-2.60309141246
-2.60215712202
-2.63108131338
-2.71957342867
-2.83840593165
-2.89236650646
-2.90509430883
-2.92077455137
-2.94410831901
-2.98248934994
-3.02952589493
-3.08722784434
3.12461185971
3.05177404145
2.99349311876
2.93581997396
2.89226837234
2.84581046235
2.80565928023
2.75546786586
2.69901301246
2.64553685021
2.591536609
2.52688168025
2.47027740531
2.40287955321
2.34636023486
2.29159633823
2.25867899853
2.23373040746
2.20114713865
2.1717027139
2.13439452404
2.0933240371
2.05703326326
2.01160471342
1.96368326264
1.92081747187
1.87058647075
1.8167360571
1.77210140524
1.71998805317
1.67521402701
1.62200745828
1.56728130496
1.52060834678
1.46462581106
1.41586553705
1.36860511328
1.31130063045
1.2615199398
1.2026753123
1.15411339622
1.10474787441
1.04484948103
0.984522229208
0.934427761072
0.873860973127
0.822504477564
0.762411559233
0.704928118667
0.656580979066
0.622500199533
0.593266784219
0.573291256144
0.550683991133
0.530886039156
0.524480137163
0.522882293109
0.517928276973
0.512123571862
0.510901535166
0.508022687074
0.508133173675
0.506587324796
0.506456886362
0.503983805845
0.503683036547
0.501326467602
0.500523890659
0.498180840053
0.500520622252
0.497170707078
0.492308832538
0.489506454254
0.48493370533
0.481925499645
0.477389484735
0.473939450275
0.46933491551
0.464778251458
0.459174705893
0.454431303741
0.450426737513
0.445363091624
0.439924604874
0.433944337119
0.428800720969
0.422509481429
0.417255476869
0.410412358589
0.405056129454
0.397916481652
0.384144092405
0.374649906116
0.372976410379
0.368671821645
0.352302726254
0.347703572135
0.344605732237
0.332044383108
0.327027766681
0.324260505534
0.308728587274
0.303949859175
0.290433926238
0.287373637209
0.2739169459
0.271024322422
0.257723124757
0.255434689785
0.242580843018
0.240325011399
0.227474094148
0.215536262477
0.21491256339
0.205390702719
0.190527140488
0.189879469793
0.181660991885
0.169045976615
0.156341395595
0.157628002113
0.14884841983
0.133498668278
0.123219355749
0.111603588569
0.11298061243
0.103422444062
0.0955166948055
0.0891241152115
0.085255718686
3.03343978073
3.085288352
-3.10207283527
-3.0672345742
-3.04290022681
-3.02509196318
-3.01024515109
-3.00202910898
-2.98756460433
-2.98242771838
-2.98023404881
-2.98063646229
-2.98035649186
-2.97893855053
-2.97508557459
-2.96886540403
-2.9605699948
-2.94778968503
-2.9377354319
-2.92337717565
-2.90829779962
-2.89607863274
-2.87807914654
-2.86334250542
-2.84765133091
-2.82642689416
-2.80636743919
-2.78009160211
-2.76625343695
-2.75932427204
-2.75703084314
-2.75734196841
-2.75828413728
-2.75815946156
-2.75534026315
-2.74183630507
-2.72946102795
-2.71539907809
-2.70376766819
-2.69268036715
-2.67945549035
-2.66852098188
-2.65577004165
-2.64735577373
-2.63497051997
-2.62460049143
-2.61248100719
-2.6073067881
-2.60100435854
-2.59344375467
-2.58868907701
-2.60604506053
-2.69316853133
-2.79208757674
-2.8275591497
-2.83696081886
-2.84312324247
-2.85324465637
-2.87629389439
-2.90299996596
-2.94423098235
-2.99628742519
-3.04119204982
-3.08856528435
-3.13253191182
3.10937650623
3.07709583358
3.0337697048
3.00189964132
2.96292080835
2.92054094783
2.86619551925
2.82691754927
2.77122509383
2.73175212392
2.69512648132
2.64120278886
2.59302094482
2.53520586098
2.48562549813
2.45129965106
2.42624680095
2.39815409848
2.36954119465
2.34361139808
2.31050230975
2.2808355631
2.24371037524
2.21022567115
2.16856248984
2.13191528515
2.07972123455
2.03999612433
1.99250771829
1.95214249458
1.91154496777
1.86329229015
1.81385562416
1.7707599559
1.72951773613
1.68741680919
1.63496240982
1.58922177861
1.5533355891
1.5083812285
1.46162291949
1.4112945637
1.36197151935
1.31182835125
1.26068018763
1.20917487367
1.14526046801
1.0916370949
1.03819998563
0.995433260561
0.944507173949
0.889988826316
0.858893195314
0.822336120958
0.785571246789
0.768931048176
0.746063238525
0.732103022333
0.712960640557
0.702699327613
0.688355651325
0.677132890778
0.669098618682
0.654319390368
0.646692055591
0.639215862165
0.623803651877
0.616142168739
0.604502380479
0.592055214911
0.579339609526
0.565734204587
0.548658676091
0.535260031631
0.519584200212
0.502810617534
0.485830340583
0.464623857557
0.447304080657
0.424471959299
0.405444111533
0.389141638085
0.363087230313
0.346451566605
0.320018423196
0.302400376739
0.274652147931
0.252104968447
0.228678078889
0.20467110406
0.180454578227
0.155833324408
0.125868799011
0.0936630181006
0.0678397465287
-2.38949614217
-2.42544327859
-2.42185543424
-2.47012030416
-2.55015875204
-2.66415479658
-2.72309533492
-2.81210676334
-2.89635726624
-2.99524519001
-3.09812879614
3.05400191528
2.93583893573
2.87238315407
2.89821151264
2.92081482511
2.93750778962
2.9519674785
2.96580465577
2.97559656273
2.98406556405
2.98998401618
3.00139102719
3.01289242865
3.0223105169
3.03139560616
3.04045575958
3.05015352763
3.05898931158
3.06649420105
3.07506590658
3.08475723941
3.09232569097
3.09759456354
3.10346754473
3.10990270814
3.11646561228
3.12144476186
3.12727199341
3.13225517113
3.13828139899
-3.14000144885
-3.13534003466
-3.13082259473
-3.12405852654
-3.11766250719
-3.11603594465
-3.110658941
-3.10126704656
-3.09683506604
-3.09184374406
-3.09272514551
-3.09501887108
-3.09639891135
-3.09537594768
-3.09252820014
-3.08898766503
-3.08444094261
-3.07911110059
-3.07378896796
-3.06768959109
-3.06185612943
-3.05515987966
-3.04884086799
-3.04301788007
-3.03630256772
-3.02986453966
-3.02386193915
-3.01687346385
-3.01094298538
-3.01287040948
-3.02295565383
-3.03173672274
-3.05779453218
-3.1034061248
3.11899700142
3.06005676849
2.98681916667
2.92089328648
2.8677676472
2.83795284641
2.7938831795
2.75856228526
2.72334103442
2.67578404138
2.6275883992
2.5636100105
2.50518015102
2.45832511062
2.40758143566
2.35081449211
2.28944965614
2.23683240141
2.17462148445
2.11020137088
2.05395189288
1.98952367772
1.94431730095
1.89547215512
1.85379826337
1.81796888577
1.78749961711
1.74771283283
1.713096626
1.67064874269
1.62471261923
1.58438972595
1.5347815229
1.48242899602
1.42978973198
1.38328929372
1.32614705629
1.26747143595
1.21865925273
1.16110178413
1.10121701654
1.05099342491
0.991463604641
0.941984585747
0.88470659844
0.835193807577
0.777726977139
0.728807803662
0.66859034375
0.607876056063
0.556643140316
0.505662547176
0.454632981472
0.393897140729
0.332296355789
0.279589551976
0.221843271626
0.17892650638
0.133510867622
0.10458069065
0.0760432970474
2.9573060205
3.02640797672
-3.0507659107
-3.0073407656
-2.97986817504
-2.94117708786
-2.90512588376
-2.86748492508
-2.83986420149
-2.8275508848
-2.82329414172
-2.82878333118
-2.8424892206
-2.85393932706
-2.86494283335
-2.876271105
-2.88432914023
-2.88871097222
-2.89452522469
-2.89258225205
-2.88676166593
-2.87539375021
-2.86114990093
-2.8485803468
-2.83451938861
-2.82480952907
-2.81542140273
-2.80985515302
-2.80776847408
-2.80641662349
-2.80660547921
-2.80709723639
-2.8057188648
-2.80324247657
-2.80003356605
-2.79420999334
-2.78834655653
-2.78030737261
-2.77325098559
-2.76486936622
-2.75702929694
-2.7512101085
-2.74586105503
-2.73997784647
-2.73574867698
-2.73088150176
-2.72719343873
-2.72335811062
-2.71780167671
-2.70877335155
-2.69741490515
-2.6792788792
-2.66081368513
-2.64940117885
-2.64826715321
-2.65337945996
-2.66170078085
-2.67154277004
-2.6791502622
-2.67573152802
-2.66775036437
-2.66070892609
-2.65387767988
-2.64838378085
-2.64214424855
-2.63747741527
-2.63137401463
-2.62610263765
-2.61985861254
-2.6138925278
-2.60878679083
-2.6068545658
-2.60597389825
-2.6063186655
-2.63558989871
-2.72605472483
-2.85688595914
-2.90466224158
-2.926864792
-2.94428551075
-2.96460211338
-2.99678578704
-3.04948661647
-3.10788347149
3.10610026682
3.03806974068
2.98447197833
2.92666615622
2.87373593805
2.83213750585
2.78383360641
2.73301077212
2.68604236674
2.63777199175
2.58717654493
2.52492877991
2.45790392214
2.39915956628
2.33182549725
2.28981716808
2.26018398355
2.22846450977
2.20075267808
2.16371291455
2.124352507
2.08259622547
2.03867078274
1.9912252995
1.94997786288
1.90062202054
1.84848449582
1.80445171102
1.75069470367
1.6948417427
1.63928225928
1.5832540962
1.5362440786
1.48051457567
1.43227216981
1.37659575874
1.32973680216
1.27263893369
1.21333554647
1.15484963645
1.10503264553
1.04562538907
0.985517750379
0.935206263466
0.874969448798
0.813801024332
0.762835861615
0.707604478815
0.667152213223
0.621678481135
0.592830776072
0.564680619397
0.548879363256
0.532841186348
0.52555440433
0.517439688355
0.514693407379
0.511798181008
0.509562712804
0.506641839176
0.5075449415
0.508173410606
0.507870513082
0.504758789465
0.503988017911
0.500963582814
0.49999763611
0.496757615593
0.49547234115
0.492362154783
0.490052477949
0.485974836285
0.482895663915
0.480190044707
0.47516078333
0.470955945774
0.467292500664
0.461446041656
0.456689152161
0.452441154367
0.447851839376
0.442528775644
0.435879430068
0.430676712951
0.425158221112
0.418197510478
0.412881124445
0.406403825906
0.388995127812
0.383384932804
0.381025709424
0.377414571381
0.36690945845
0.360395363304
0.356576584746
0.344157977899
0.338801424463
0.335556688225
0.323126066868
0.318339394673
0.314256620175
0.294657605218
0.29158978454
0.290398851959
0.281141440783
0.263455557995
0.262115307269
0.261586977051
0.249692182836
0.233522070683
0.232560560504
0.22037176183
0.217775586246
0.211025292288
0.197304529985
0.195674168409
0.183975208534
0.171987737652
0.171492144784
0.158985981672
0.147643700086
0.148194540013
0.1387581936
0.123980098939
0.111403178735
0.101987528579
0.103226777787
0.102046509823
0.0938201509699
0.0870734170176
3.03180293281
3.068878926
-3.12818293032
-3.1071325372
-3.09015467356
-3.07158857056
-3.05078710505
-3.02886731852
-3.01272919749
-2.9957024135
-2.98444001013
-2.97279210675
-2.96499427411
-2.95729704917
-2.94761816159
-2.9380088735
-2.92957752342
-2.91733710989
-2.90606184076
-2.89115379748
-2.87805983628
-2.86311665219
-2.84407343612
-2.81943187627
-2.7957940531
-2.76573931128
-2.75033552414
-2.74257276585
-2.74339514458
-2.74741480192
-2.75313992283
-2.75713806903
-2.74807557117
-2.73212042065
-2.72022293764
-2.7064489919
-2.69246988942
-2.68101138447
-2.66992973494
-2.65766275929
-2.64466721068
-2.63415937968
-2.62183874213
-2.6096180612
-2.60270322654
-2.5950025134
-2.59021080975
-2.61430452257
-2.69974775649
-2.83639376724
-2.87937004859
-2.88806721751
-2.89908478515
-2.91483067997
-2.94612071252
-2.99407370866
-3.05913879707
-3.11817247857
3.10144236843
3.04272647379
3.00009821327
2.95825036203
2.91795175107
2.88195120482
2.84427737612
2.79722635457
2.7421389296
2.69010069011
2.62725676257
2.56185755661
2.5074096193
2.46877953155
2.43483709735
2.41330814737
2.38635935451
2.36204279006
2.33082138015
2.29676109037
2.26011645119
2.22731876635
2.18744974313
2.14576827877
2.10069545247
2.06191490679
2.01550626261
1.96686708121
1.92545659128
1.87613067093
1.82492684195
1.77261357954
1.7313527382
1.68063731453
1.6253853758
1.58012721603
1.52507165653
1.46833293329
1.41778272308
1.35793878148
1.30738330596
1.24884501691
1.18847142767
1.13588696025
1.06748861237
1.00460237118
0.954248579464
0.89945620586
0.860106658124
0.818642276097
0.792267558164
0.763457519189
0.74307348181
0.72928201443
0.711465564426
0.700185278972
0.68546004828
0.673447531519
0.663910339726
0.64937724201
0.636347994931
0.623155833054
0.611235519319
0.59690086448
0.580445325485
0.56241128946
0.548270005717
0.528775930065
0.513210164361
0.492372270764
0.475353654076
0.457102216333
0.434080292857
0.411709921069
0.388439733684
0.368063808106
0.341994689887
0.320455149845
0.293594229462
0.270931603461
0.242721815097
0.219200697997
0.189959106102
0.160681663701
0.136075450916
0.10577262021
0.0754685856014
-2.9691097728
-2.97116068483
-2.91499912217
-2.84002929746
-2.89524594946
-2.97161704044
-3.04661164521
-3.13896578868
3.05616986753
2.9617958097
2.92103251309
2.93440405321
2.95697007082
2.96945299052
2.98325084529
2.99698553291
3.00907019395
3.01777199887
3.02654955224
3.0251605134
3.03176548529
3.04264589121
3.0426465174
3.04542236236
3.05389976473
3.05462293677
3.05914969023
3.06690349884
3.06663309347
3.06953269997
3.07975971486
3.07949247797
3.09128300981
3.09297029527
3.09210733586
3.10334429149
3.1095267688
3.10874080872
3.12036508051
3.12399581315
3.13465333211
3.13756719301
3.13824806694
-3.13293512779
-3.12961984523
-3.12974575664
-3.1282565108
-3.11864241675
-3.10821760849
-3.10817434681
-3.10494563013
-3.1011902165
-3.09546666884
-3.08719689906
-3.07598751787
-3.07492059318
-3.07516325995
-3.07341644879
-3.07077258175
-3.06760882475
-3.06364373661
-3.05922685809
-3.05563802142
-3.05170373675
-3.0472546844
-3.04239933104
-3.03837657901
-3.03373639801
-3.02842679389
-3.02335805877
-3.01695377361
-3.0111420737
-3.00498276637
-2.99905350689
-3.00007183639
-3.00478997955
-3.00842650396
-3.03839156052
-3.08158974911
3.14101671355
3.06897688227
3.00255737219
2.92335743201
2.87385629633
2.83294943502
2.80706952388
2.78659996399
2.75105601888
2.70689113264
2.64081036159
2.5763086277
2.49760610147
2.43119833697
2.3586004348
2.30384327144
2.24531491363
2.18999581782
2.14730049854
2.09651823487
2.04396857826
1.99780377082
1.94071911166
1.88324726233
1.84975477483
1.8144697103
1.78316234207
1.74341554122
1.70128205448
1.66439849961
1.61988468969
1.57202727944
1.52957834647
1.47799763483
1.43348038036
1.37613881608
1.3276818666
1.27946218914
1.22227257747
1.17144886704
1.11275369703
1.05645914937
1.00640654308
0.947089873891
0.896653619649
0.83638163692
0.77517879326
0.714364417452
0.663684977889
0.612846006388
0.552116195229
0.501149399681
0.439463544092
0.388634191369
0.327353967081
0.264586841913
0.216925436795
0.165717867154
0.130984451319
0.0948990364822
0.0704779927559
2.97078125113
3.04200834706
-3.03261204901
-3.00495730992
-2.98263300221
-2.95055140185
-2.90734496499
-2.86583533202
-2.83898503937
-2.81921424333
-2.81416929208
-2.81627340252
-2.82417926972
-2.8398477458
-2.85578753077
-2.87096664654
-2.88331586101
-2.89032332084
-2.89100577766
-2.88624891165
-2.87739569037
-2.86805279761
-2.85585565488
-2.84427311916
-2.8342970191
-2.82794856115
-2.82387150677
-2.81999718112
-2.81533652953
-2.81195132421
-2.80950641178
-2.80761288349
-2.80616453747
-2.80346010495
-2.80072916709
-2.79786563616
-2.79464953384
-2.79110703618
-2.78631618295
-2.78230860126
-2.77693617684
-2.7723124137
-2.76621811558
-2.76198986619
-2.756398214
-2.75074474801
-2.74521995751
-2.73878267403
-2.73366968533
-2.72801099135
-2.72305095985
-2.71649674678
-2.70851437986
-2.69491895063
-2.67981157625
-2.66236739911
-2.65314446012
-2.64985000582
-2.65380913911
-2.66139543888
-2.66927023919
-2.6776544698
-2.67700393769
-2.67101518585
-2.66390795295
-2.65817955153
-2.65268749354
-2.64624067077
-2.64079168161
-2.63443223343
-2.6291339505
-2.62392478065
-2.61786998329
-2.61173167052
-2.60577805274
-2.60439256655
-2.60338565265
-2.60435793179
-2.66343067182
-2.78197036193
-2.85522109479
-2.88103999326
-2.89275435328
-2.91288458022
-2.94269516471
-2.98976329538
-3.06060314335
-3.13336620375
3.08461786384
3.01870431313
2.96216128389
2.91984076694
2.87617027515
2.83107092256
2.78882302277
2.73460716495
2.67221026124
2.61529369264
2.54680401539
2.47633584213
2.41586003318
2.35246500981
2.31732825583
2.27953438505
2.24539028578
2.21984061789
2.18596351071
2.14930585437
2.11077423721
2.06820591779
2.02274556823
1.97570702001
1.93413760996
1.88347686705
1.83083375266
1.77775659212
1.7226002671
1.67692464656
1.62197089759
1.56597963564
1.51856372458
1.46328175074
1.41680460623
1.36006212598
1.30433573327
1.2468213736
1.19838109226
1.14099718496
1.08120259442
1.03195139687
0.971227561118
0.912037181399
0.860851202233
0.800797360785
0.740039693491
0.695442493917
0.647253665793
0.614161423569
0.579937501495
0.556932194721
0.543975106947
0.529788869546
0.523649760462
0.516511156644
0.513936349094
0.51327411844
0.509221420621
0.508737111279
0.507451748329
0.505516961298
0.505625765868
0.503007840959
0.502555535068
0.501892109496
0.498389399012
0.496876208699
0.493386531392
0.491500051923
0.487401360827
0.48491309704
0.480582986266
0.477761405756
0.473781405162
0.469019591685
0.465239367555
0.459889766513
0.454834171487
0.450380840497
0.443811641565
0.439149662867
0.432638489866
0.427562406739
0.421965648434
0.416294574198
0.410590258357
0.404830898824
0.397758430164
0.384192831398
0.378689011021
0.375256704468
0.358784460434
0.354223273425
0.351677357136
0.336239116282
0.332716198526
0.330746734144
0.317740540028
0.312892776014
0.304412896959
0.290424498606
0.285026978911
0.285060323258
0.273132681877
0.257057363371
0.255808717676
0.246313748201
0.240760130072
0.23139748799
0.219056959289
0.213640138663
0.21744181612
0.206242438398
0.192724317658
0.178880066739
0.179299128426
0.170259775164
0.158187738731
0.145404968464
0.14788649963
0.139378834921
0.125112240243
0.115093683359
0.105412918804
0.095491951135
0.0975162270119
0.093489667982
0.0888846712853
0.0843152218438
3.04150157567
3.12042615267
-3.05875717703
-3.01545186421
-2.97930876698
-2.96996214778
-2.96838425597
-2.97739841104
-2.99074628384
-3.00803690464
-3.02155943624
-3.02808277988
-3.01955161764
-3.0017772027
-2.98094291425
-2.96224842999
-2.94723999814
-2.92995866694
-2.91469026949
-2.89916874482
-2.88102790184
-2.86627188664
-2.85050327333
-2.82949593493
-2.80967556484
-2.78388809329
-2.76962794269
-2.75996760352
-2.75839969377
-2.75886575278
-2.760935406
-2.7622261974
-2.75253640343
-2.73748117723
-2.72326021485
-2.71112694817
-2.6970790288
-2.68316112167
-2.66966165918
-2.65873032312
-2.64595521145
-2.63530449403
-2.62283319221
-2.610779919
-2.60271593245
-2.59508705745
-2.58752607283
-2.60480429637
-2.69205175646
-2.81839502686
-2.86255232363
-2.8763167097
-2.88679356229
-2.90069380389
-2.93018240574
-2.96848310349
-3.02465721477
-3.08085584485
3.1375112646
3.07368010236
3.02315780577
2.97299612021
2.93416854852
2.89132979333
2.8546859819
2.8090211487
2.76740672801
2.71560610579
2.66827913477
2.61031687295
2.54840414126
2.49573945672
2.45663608029
2.4246103899
2.40366699124
2.37754777882
2.3473873028
2.31503102831
2.27995566178
2.24220158772
2.2085487299
2.16800213766
2.12577153665
2.08022154448
2.0331066972
1.98506049778
1.9441928666
1.89522815226
1.84453619205
1.79287744574
1.74275105354
1.69998691674
1.64786128338
1.60273930036
1.54911858769
1.49550631591
1.43664575113
1.38661094776
1.32655226341
1.26877685827
1.20849029981
1.15549117731
1.10340208799
1.03870804781
0.985945698254
0.927886974623
0.884071908755
0.836997644573
0.807507407306
0.775635762049
0.756207650778
0.734345813426
0.720852727183
0.704175745067
0.693899258239
0.679197256002
0.668011488678
0.658730122852
0.643719147984
0.63098062622
0.620009142459
0.603343635547
0.590745834537
0.573277739814
0.559368359079
0.541093450467
0.52297459764
0.507238000881
0.489558222805
0.471082295372
0.448587964918
0.430457758213
0.407886401704
0.382964998689
0.362621214125
0.341076984442
0.314396946264
0.292422956229
0.264674278714
0.241617883158
0.217672195649
0.183924809243
0.161896158657
0.138178956084
0.113449248869
0.0835104190979
-2.9560441972
-2.92959546014
-2.88779916284
-2.94412782998
-3.01712781832
-3.1064968845
3.08828745227
3.00608545865
2.93542158522
2.90416152658
2.93423320739
2.95918391306
2.9688668145
2.98049080984
2.99236192123
3.0034172006
3.01300212443
3.0230855876
3.022056216
3.02877749043
3.03937631608
3.03902018752
3.04648765469
3.05063592777
3.05841381039
3.06307859495
3.05920463765
3.0696184018
3.08401732992
3.08362828472
3.08207338682
3.09302381667
3.10024587212
3.09889203483
3.11218815808
3.11456567728
3.11488883409
3.12689709587
3.1297419289
3.13052455756
-3.14048939303
-3.13684218611
-3.13709152527
-3.13648344805
-3.12128730763
-3.11774724153
-3.11722466567
-3.11243446529
-3.10557676677
-3.09589143227
-3.08623726783
-3.07576383654
-3.07439554961
-3.07500637959
-3.07296919008
-3.07032924536
-3.0668514658
-3.0631313137
-3.05929762448
-3.05451725279
-3.04861387308
-3.04364864614
-3.03791141229
-3.03265861617
-3.02651782323
-3.02019652752
-3.01472965171
-3.00870771204
-3.00337275164
-2.99725941729
-2.99937058015
-3.00378006988
-3.00642116868
-3.03007965218
-3.08024814338
-3.13250158185
3.09302919454
3.03405054482
2.96061797288
2.88168919314
2.83290696493
2.80286770727
2.7778400615
2.752405655
2.71919875982
2.67219206384
2.60588949255
2.53841352891
2.4599990152
2.3958017069
2.32792871366
2.27509636324
2.21745243131
2.1636058649
2.1101534458
2.06385768706
2.00846380222
1.95957648972
1.9005127626
1.86403692216
1.83000605033
1.79409906432
1.75474622712
1.72003816213
1.6770078277
1.63081223842
1.58204017061
1.53107848347
1.47840368231
1.43433614429
1.37906187833
1.33376212806
1.2788950982
1.23166852761
1.17429252253
1.11549001158
1.06497482919
1.00616505318
0.956363815859
0.897982683781
0.839444812059
0.789272726001
0.731128866595
0.681509250809
0.632901804954
0.574735903014
0.513809390245
0.462730054157
0.401180179726
0.339049729514
0.276579984408
0.228156948639
0.175318817565
0.131997536644
0.103817572631
0.0758487367638
2.95407388881
3.02497479928
-3.04947441849
-3.00748588677
-2.98139726137
-2.95071250235
-2.90975444052
-2.87725700217
-2.84593529525
-2.82516314897
-2.81832372682
-2.81822993599
-2.83020551269
-2.8458839102
-2.86198627798
-2.87525659096
-2.88620574878
-2.89189467348
-2.89334649562
-2.88963991112
-2.88183369575
-2.87283303923
-2.86004964146
-2.84928165091
-2.83750840518
-2.82965524233
-2.82209374614
-2.81824763563
-2.81515079557
-2.81343996291
-2.81154192912
-2.8103754219
-2.80926313003
-2.80614057303
-2.80271558282
-2.7973799964
-2.79197824569
-2.78572436022
-2.77784547446
-2.77129484834
-2.76378013087
-2.75803717609
-2.75165660533
-2.74697136502
-2.7416402893
-2.73759677381
-2.73295794117
-2.72872266249
-2.72442052758
-2.71878550105
-2.710724669
-2.6970600498
-2.68193824921
-2.6606899915
-2.65114540675
-2.64705711886
-2.65053145078
-2.65802149433
-2.66705386857
-2.67677199274
-2.67665180417
-2.67046559056
-2.66314908224
-2.65728971044
-2.65070619279
-2.64526900371
-2.63894485299
-2.63238988487
-2.62706446007
-2.62093591169
-2.61583268206
-2.60979110745
-2.60673061482
-2.60558840891
-2.6055602023
-2.62781882904
-2.71219187876
-2.82414573347
-2.88533903065
-2.89404540426
-2.90552255334
-2.92559706193
-2.95533059716
-3.00403096341
-3.07205305593
3.14131965022
3.06660281379
2.99989850225
2.95206715604
2.90352231204
2.85893840904
2.82084379782
2.7743153303
2.72939421265
2.67167601061
2.61806088136
2.552844976
2.4946387012
2.42660765192
2.35574840478
2.31084187455
2.27294351527
2.24558706882
2.21481803816
2.18015946097
2.14979889459
2.11196304497
2.07089783117
2.03369549169
1.98744326847
1.9405694456
1.89809804621
1.84884187704
1.80508056474
1.75235025241
1.6975209203
1.65157089513
1.59619155532
1.5423593386
1.49605155036
1.44053046305
1.39382215177
1.33750995757
1.28863409084
1.23185911987
1.17515966948
1.12671338142
1.06718957082
1.01788358428
0.957289230844
0.898653833052
0.846376780948
0.785737167592
0.726228046763
0.682780009449
0.644291877103
0.610464694934
0.576607948017
0.555653748247
0.543493867939
0.529502539124
0.522702415302
0.519474158636
0.51449725981
0.510277642263
0.506701498396
0.507329316234
0.506191439782
0.506413074097
0.505764551571
0.504518699227
0.501810905831
0.501186978882
0.498400517462
0.497304636419
0.494817201479
0.491246479529
0.489333516688
0.486071817031
0.48167478704
0.479226044138
0.475067295043
0.471026077044
0.467063906923
0.462672799013
0.458426780767
0.452368668353
0.448070346016
0.442066108603
0.437242718213
0.430838018948
0.425810985839
0.418942812965
0.413553679162
0.406528674884
0.395958981379
0.38852115426
0.384119186204
0.379855474716
0.363130053738
0.358332952239
0.355113297871
0.342539017182
0.337211406036
0.334639490119
0.32166652157
0.318075798164
0.305143169329
0.300687476805
0.28670167405
0.283470049958
0.276141526281
0.262324546054
0.260357789404
0.250924535533
0.235810840229
0.235469536412
0.22385885203
0.221694752643
0.211804900344
0.197350909408
0.193826715621
0.185982923258
0.171446230967
0.171319781753
0.159958669164
0.148380545956
0.136595623229
0.137653073633
0.129473218355
0.115660896519
0.105721790701
0.0954141111408
0.0975445066192
0.0949982818386
0.088138223816
0.0846740624779
3.03523912447
3.07763127782
-3.12069302748
-3.0932589103
-3.07546318985
-3.05615069758
-3.04027417935
-3.02997453793
-3.0184973288
-3.00927686503
-3.00317919285
-2.99644313287
-2.98934331109
-2.98142379422
-2.97526180176
-2.96771306722
-2.95817519105
-2.95060862901
-2.94007528004
-2.93163053978
-2.92055867544
-2.90951698068
-2.89842438111
-2.88943974622
-2.8778435559
-2.86781452134
-2.8533165296
-2.83958214463
-2.81978512134
-2.79787302876
-2.77388067951
-2.76365298552
-2.75391432375
-2.75118993122
-2.75011658497
-2.75074316136
-2.75274966994
-2.75333874266
-2.74676810681
-2.73799097038
-2.72888306119
-2.71826652479
-2.70728998317
-2.69618254185
-2.68527406313
-2.67453102573
-2.66169964696
-2.65092557357
-2.64042020812
-2.62808574819
-2.61787128361
-2.60868315814
-2.60408539886
-2.59829170987
-2.59434389027
-2.60634502946
-2.69152325365
-2.80609971424
-2.83665075685
-2.84059112172
-2.84654803346
-2.85881831736
-2.88220129852
-2.91805214284
-2.97215074068
-3.03148160229
-3.09947667158
3.12853944586
3.08121278324
3.03358563259
2.9957805224
2.9538971521
2.91663220209
2.87205014629
2.83061628644
2.78627063615
2.73197047237
2.68281364782
2.62206829569
2.56964274775
2.50996811159
2.4694797161
2.43648856817
2.41007481318
2.38701940935
2.35761148752
2.32578856194
2.29731293014
2.26107771894
2.22181521799
2.18691937626
2.14426254288
2.09901591732
2.06010333779
2.0135964924
1.97308384382
1.93243677269
1.88320835323
1.84048693172
1.79783479288
1.75578678035
1.713854084
1.66196853111
1.60751706959
1.56173867792
1.50634079744
1.45779379523
1.40702610302
1.34853577127
1.29750835412
1.2454981928
1.18383175891
1.13071121025
1.06624704644
1.01118366833
0.949165600255
0.903453253125
0.854424362878
0.821884114355
0.787311874945
0.765604245472
0.74414810531
0.728052937855
0.711837544149
0.698914985143
0.684071057937
0.674990323966
0.663970373969
0.652163544484
0.638060878084
0.62739434202
0.613864663889
0.602929342802
0.589467139168
0.572201228787
0.55926631806
0.544311942657
0.526876426196
0.511272452161
0.493539222526
0.476346656903
0.457938154616
0.435107218635
0.4167090931
0.395711096151
0.374949403754
0.349218030968
0.32803134287
0.305707467068
0.282758778509
0.259662858871
0.236118477417
0.212308739257
0.190858300909
0.164035937623
0.139395594399
0.114442780904
0.083958916881
-2.96851288108
-2.88512366028
-2.77051801551
-2.93916793749
-3.1183200024
2.95659570276
2.78307767596
2.77481000213
2.90009789908
2.97114490813
3.01233324617
3.01310186694
3.03484214621
3.03665687563
3.03784721616
3.04221849992
3.06413921709
3.06605845373
3.06902205331
3.07498023544
3.08087616996
3.08762227101
3.11398595413
3.11682237421
3.11758930754
3.12163477475
3.12668975765
3.13302130134
3.14092656979
-3.13539539792
-3.12780130829
-3.12058501245
-3.11261269212
-3.10198953071
-3.08747660808
-3.07078376659
-3.04834587685
-3.0324037939
-3.03010767849
-3.04238939964
-3.0611840678
-3.063976543
-3.04861876265
-3.03828680486
-3.02912301983
-3.0196068664
-3.01166303335
-3.0034768338
-2.99480051832
-2.99321885676
-2.99771422058
-3.043138885
-3.12594865525
3.0657303253
2.95036242727
2.86093227023
2.81382561389
2.78804687922
2.76555426391
2.71690091265
2.62759609721
2.48620166973
2.32406901262
2.20993439623
2.27028464497
2.29584271643
2.26307024279
2.11901591196
1.88241026342
1.72257077254
1.74676196625
1.80789135414
1.73780741551
1.67389248056
1.6111739234
1.54218580768
1.46899006792
1.39416315711
1.31535846747
1.24783316472
1.17972594296
1.1024576112
1.02190505854
0.951510673958
0.881570315306
0.800521030807
0.749739486678
0.729427039971
0.671569958336
0.57958593889
0.516208401049
0.454733433071
0.413406647329
0.342428430299
0.258938697068
0.183666442379
0.13423148548
0.103165073804
0.0736970283432
3.00184784604
-3.12551959129
-2.96246992919
-2.82006082134
-2.72109824723
-2.62441025001
-2.62093376924
-2.63861559786
-2.67553220447
-2.7548863047
-2.80831664181
-2.86487588212
-2.92406311924
-2.97514485523
-2.97411785424
-2.91462414549
-2.8733310313
-2.83660541657
-2.81353969853
-2.81205388795
-2.81666426431
-2.81976191812
-2.81935250644
-2.82016634671
-2.82908336776
-2.8328726316
-2.83569110511
-2.83501857488
-2.83211802925
-2.82802031408
-2.83102355109
-2.83750587383
-2.84086190788
-2.82624721912
-2.81431152664
-2.80305853429
-2.7928791466
-2.78233429939
-2.77264774941
-2.76194724271
-2.75353076636
-2.74504798829
-2.7384964769
-2.73333210371
-2.72932370437
-2.72107951347
-2.70743252131
-2.68392555753
-2.65500845347
-2.63178979725
-2.63191616246
-2.64739610747
-2.67598929009
-2.69840428893
-2.67794275007
-2.66002629977
-2.64768351101
-2.63811543086
-2.62841093218
-2.61899274591
-2.61131964433
-2.60455205416
-2.60157088562
-2.60262043693
-2.74975810771
-2.88937134745
-2.91183920465
-2.93970618609
-2.97845182207
-3.03300906927
-3.11670480155
3.0610943891
2.9748967778
2.88834145612
2.86710431218
2.82599653477
2.79141940467
2.75181889736
2.70457313119
2.63216712331
2.52256171797
2.41992408622
2.28538437038
2.24040104498
2.22329550428
2.20060902496
2.17414274789
2.129720341
2.08377594251
2.03289845922
1.9703220837
1.90907049864
1.8389400525
1.76501054899
1.69085832942
1.61521097869
1.53929210739
1.46354015648
1.39665363531
1.31839790298
1.23930936681
1.16051737021
1.08057218483
1.01226007308
0.935128227716
0.855290386281
0.770732951082
0.693607565032
0.641075509863
0.593823187505
0.568388257724
0.55528309473
0.541975651262
0.537789633972
0.535576824955
0.529393825308
0.527301553988
0.525380266984
0.519634134479
0.517667518252
0.516964266836
0.498420737413
0.495723673073
0.486093170099
0.499532477554
0.504699731116
0.494713837746
0.484278557645
0.477776545063
0.469508129237
0.463676109761
0.45584175402
0.449939302262
0.44143689641
0.436664403084
0.428837316087
0.421455233832
0.412987123147
0.405914462864
0.396392897301
0.388425813359
0.364268595227
0.360312450302
0.359879825092
0.352981954383
0.350838301889
0.343956693057
0.33785357094
0.321114014603
0.312688390494
0.310981091566
0.291419476089
0.28687131316
0.284768971373
0.265473326809
0.261725707414
0.251635254796
0.247737939899
0.244792594369
0.229304469903
0.2117655259
0.21167790967
0.197244362968
0.180052826124
0.18118914213
0.162149056009
0.143238544414
0.143191371114
0.125694049726
0.109224967845
0.109224967845
0.106941808066
0.106941808066
0.0967151753628
0.0946117803042
0.0885071031335
0.0807178091382
3.0441502877
-2.88952378811
-2.63918856855
-2.61448388039
-2.76542162934
-2.90572842674
-3.08567464159
3.06923326582
3.05655721679
-3.08518312344
-3.01003745063
-2.96661485212
-2.95684111199
-2.94145869995
-2.92469623264
-2.89073378024
-2.87531621468
-2.85971725906
-2.83611971594
-2.81975504063
-2.80858837209
-2.79961485528
-2.78466552861
-2.76970885056
-2.75291089219
-2.73756490861
-2.72012012221
-2.70218553331
-2.68443674426
-2.6689931138
-2.6525576403
-2.6356591952
-2.62098210349
-2.60874066662
-2.60832371956
-2.60952345082
-2.72797715737
-2.86988818518
-2.90816008857
-2.93576010186
-2.94480199688
-2.96672210309
-3.01633789341
-3.11565836613
3.05075959679
2.92576115957
2.8318352288
2.80241319771
2.76695705511
2.71234409291
2.66667818324
2.61704659218
2.56244987142
2.49718542845
2.41968931862
2.37979870036
2.34862830217
2.30665081291
2.26949202814
2.22463312783
2.17479206774
2.12926315225
2.06857522389
2.01001923062
1.95202135554
1.89328463597
1.8244761915
1.75487300034
1.684515248
1.62047247997
1.54702445612
1.47194278346
1.39101879293
1.30870176189
1.23702734886
1.16456127936
1.0806334814
0.990917008547
0.923318972121
0.855977365631
0.8122404846
0.780842446877
0.757088667947
0.737658910277
0.721851685119
0.70034439824
0.685275017941
0.666599488413
0.646161794951
0.625953044137
0.60586181866
0.586008095226
0.5664304705
0.536592131679
0.51047559189
0.484013965425
0.46230051542
0.445437474589
0.431793326453
0.376877462372
0.356063584128
0.324344570858
0.297594105818
0.27594722237
0.266568949911
0.229149687624
0.210790169461
0.181589964458
0.152948166619
0.128963515343
0.108986739386
0.0831061441749
-2.65140627957
-2.45962352989
-2.23773449319
-2.4524162898
-2.8627193223
-2.84610983257
-2.74102955233
-2.84606633554
-2.99097395318
-3.14064160097
2.9855433581
2.85373980391
2.9119098693
3.00804472108
3.05249195634
3.06832369875
3.07860702629
3.08493734269
3.08455603755
3.08146460925
3.07749239619
3.08009983807
3.09256560074
3.09795852312
3.10244148482
3.11112077742
3.11650116521
3.12702771012
3.13537537726
-3.14025607854
-3.13172482525
-3.12774458051
-3.12484451652
-3.12484451652
-3.12291471199
-3.11630627144
-3.10936048582
-3.10407784604
-3.09817540282
-3.08912644127
-3.07042727779
-3.04543320826
-3.02616446939
-3.02289631113
-3.03353934089
-3.05063402513
-3.07059188337
-3.05543008017
-3.04103107992
-3.03185008201
-3.0224342899
-3.01335342081
-3.00575572057
-2.99751392003
-2.98939470965
-2.98687421882
-2.98545584944
-3.01984802151
3.07413850128
2.91851246211
2.92043682229
2.92913604818
2.88810747974
2.83228484679
2.74995609972
2.65630545187
2.54542391768
2.44876627102
2.3401136975
2.28051565933
2.22653409567
2.17942727065
2.14128129835
2.08849966568
2.0203030115
1.92063471919
1.79634209569
1.73339083595
1.69812627554
1.658282129
1.59973515786
1.54207088082
1.47509439365
1.40764334466
1.34082574898
1.26456956454
1.18345050144
1.10192174046
1.04088078951
0.96045770998
0.889846487757
0.81867754765
0.746132842021
0.673705911616
0.621273882348
0.56085937929
0.489042262003
0.416242817302
0.36333536551
0.167920242166
0.126093436027
0.0995390012567
0.0693319674202
2.95806010045
-3.11404399551
-2.73717415112
-2.57665475888
-2.5071667921
-2.67411043419
-2.83556087292
-2.95286716169
-3.05926183264
-3.10086890951
-3.03961085938
-2.98349815175
-2.94976416708
-2.94725053944
-2.94308929657
-2.93680337712
-2.92935578325
-2.92137319491
-2.91271278556
-2.90406395131
-2.8965874157
-2.88810499323
-2.87919220712
-2.87284602218
-2.86349901262
-2.85415866923
-2.84528585171
-2.83672757675
-2.82817942331
-2.81968402815
-2.81138867434
-2.80180795
-2.79590282147
-2.78601555425
-2.77622244702
-2.76808861076
-2.7602824182
-2.75140782346
-2.74474547125
-2.73625964587
-2.72856686312
-2.71656821917
-2.70311233894
-2.67857257567
-2.64512700534
-2.62947368344
-2.63024486983
-2.65293255095
-2.68431859388
-2.69473622298
-2.6744876808
-2.66037290245
-2.64891070733
-2.63974775058
-2.63125923269
-2.62213013767
-2.6131585379
-2.60737076496
-2.60882315816
-2.61316419642
-2.7333592127
-2.88496951788
-2.95707690217
-2.96447263776
-2.98674458655
-3.01820788884
-3.0851564679
3.10634056801
2.99952388101
2.86094974715
2.75544273377
2.71742748145
2.68091702762
2.62443036249
2.57477619934
2.52315408851
2.46596896171
2.38697318948
2.32450079072
2.25237130261
2.19096065895
2.15416218904
2.078631244
1.99458327187
1.9262271369
1.82397181729
1.74504249961
1.68261738991
1.62019007546
1.55547893325
1.39419137557
1.26790523378
1.19530278332
1.1312267156
1.06381987448
0.98571118003
0.914928184162
0.835593215534
0.749841592675
0.67798575641
0.629666400277
0.588644883846
0.567679075589
0.549687501325
0.544595174615
0.535837267557
0.525660442372
0.526160727417
0.525691182582
0.520902195317
0.514686360432
0.519613823109
0.516339818317
0.510233688153
0.507824336981
0.50145345068
0.49861634708
0.492192365926
0.485856534752
0.477257662406
0.471327611385
0.464048767457
0.456515409826
0.448279369952
0.440987853366
0.433969910212
0.424787323265
0.415857936417
0.410025408603
0.402394564338
0.394680565466
0.385861577808
0.377932890876
0.359105069342
0.350210329492
0.347733824019
0.325505457038
0.325367154516
0.305293521686
0.282620441772
0.281406893677
0.26563057943
0.260681345889
0.236820626559
0.234095054383
0.213541711267
0.21109605719
0.187968205477
0.17168856912
0.172673146146
0.153329815563
0.135668104384
0.131043830999
0.117511271111
0.117561366142
0.102687903251
0.0898691774507
0.0815667115182
3.03895594656
-3.11530584204
-2.97347960922
-2.89656457119
-2.87919468567
-2.89771976076
-2.92778311643
-2.97046636801
-3.02064098085
-3.06703350329
-3.06073821429
-3.02446258518
-2.99603046854
-2.96697610759
-2.95400092897
-2.9467463572
-2.93866310281
-2.92827950042
-2.91931940138
-2.90379239854
-2.88635960486
-2.8707495127
-2.85779065868
-2.84169339237
-2.83153187483
-2.81395302617
-2.79858871207
-2.7909928643
-2.78636711086
-2.78304444824
-2.77509749461
-2.76537488712
-2.75312250328
-2.74471895428
-2.73276457643
-2.72198596401
-2.70981717754
-2.70158887764
-2.69138496198
-2.68062375126
-2.66755902783
-2.66098556497
-2.65293709477
-2.64072157847
-2.62351500047
-2.60796755624
-2.60563377472
-2.60248444827
-2.6383582437
-2.81933645322
-2.93561872005
-2.92062769867
-2.92841407636
-2.93542074617
-2.95202864083
-3.00083389224
-3.14133196913
3.02791411283
2.94506910678
2.92620787117
2.88976601607
2.85796266311
2.83277504532
2.78984958889
2.74819628685
2.68859261642
2.61727227659
2.53927642794
2.47350383079
2.40559813704
2.38275267492
2.36518869921
2.33892460212
2.3206848285
2.28499839325
2.25499567664
2.20483177172
2.15232647998
2.09189020897
2.05986928939
2.00795393598
1.94179034144
1.87936045093
1.83626864066
1.77089496691
1.72760400659
1.70150588429
1.67634495712
1.65108140843
1.59089007195
1.51176113236
1.47235206187
1.4619241063
1.37882974852
1.33537027259
1.28141950016
1.23003781688
1.1772732493
1.10233828153
1.047225206
0.992935609562
0.923261442332
0.856164557721
0.831723117907
0.786729627762
0.760433417163
0.739559559397
0.728777967477
0.715219444215
0.695112603668
0.681214726247
0.662257635147
0.655077636146
0.636968009982
0.621708530812
0.60950945064
0.598563511246
0.579571489962
0.556999961864
0.539461624218
0.515069774771
0.488627957405
0.481722191165
0.452918023584
0.421039861202
0.406983032403
0.371085538351
0.351751835749
0.3254176598
0.29870440285
0.294238799615
0.289756901082
0.268187543552
0.239265303914
0.207958247305
0.171679332762
0.134066138268
0.0943281978834
0.0439824707181
2.84032432774
2.94253942478
-3.07392482568
-2.92948932212
-2.93613024102
-2.95267844576
-2.98912567583
-2.93379494658
-2.73008875249
-2.53355593266
-2.39682841782
-2.29712090095
-2.22611663686
-2.16567997797
-2.11482064106
-2.0760157272
-2.02540180138
-1.99646444571
-1.9706990241
-1.9320101869
-1.91586619208
-1.90150647111
-1.8856533195
-1.86946072054
-1.83960696324
-1.83123740403
-1.82484361031
-1.81608229887
-1.80637788739
-1.79769051278
-1.78967172915
-1.78187950572
-1.77333808192
-1.76570000458
-1.75868201848
-1.75245472771
-1.74634444345
-1.74049809183
-1.73409379182
-1.72765168399
-1.72265381217
-1.71770158142
-1.71329350136
-1.70837958336
-1.70422407401
-1.70033509089
-1.69693759193
-1.69338482057
-1.69026844588
-1.68704596339
-1.68418540659
-1.68123730482
-1.67873155302
-1.67605070916
-1.67377756555
-1.67135134753
-1.66937178726
-1.66724697685
-1.66525900798
-1.66308147866
-1.66082448812
-1.65963315823
-1.65813702372
-1.65638189979
-1.65491407345
-1.65338627465
-1.65196299398
-1.65056945872
-1.64932264959
-1.64790812336
-1.64675451578
-1.64538986679
-1.64412551766
-1.64295683006
-1.64189392825
-1.64109538461
-1.64010483798
-1.63895523399
-1.63783955462
-1.63697204083
-1.63620736308
-1.63529526967
-1.63434440163
-1.6334657347
-1.63270012975
-1.63193702227
-1.63126171368
-1.63053643892
-1.629971054
-1.62921696593
-1.62843226093
-1.62767640434
-1.62690115552
-1.62622064152
-1.6255778281
-1.62497289385
-1.62446111003
-1.62372422366
-1.62314961068
-1.62252076455
-1.62200797189
-1.62131985244
-1.62075497762
-1.62035543464
-1.61984710537
-1.61902266235
-1.6181895954
-1.61749562307
-1.61694029443
-1.61652204375
-1.6140667914
-1.60370663204
-1.5743792171
-1.5226192444
-1.45420885177
-1.39357446793
-1.33789953731
-1.31481918218
-1.34082559185
-1.39545132382
-1.45264697126
-1.47671643107
-1.45348332432
-1.37406183418
-1.2738397865
-1.2735957103
-1.29518538194
-1.30165347785
-1.30804329547
-1.31506742795
-1.32203552053
-1.31377144281
-1.30437131465
-1.29972151114
-1.30749211123
-1.31452511542
-1.32447933513
-1.33546180353
-1.34730319741
-1.35703844269
-1.37178519995
-1.38930515573
-1.40394971204
-1.42861795999
-1.44762117268
-1.46259241627
-1.47664769672
-1.49186721527
-1.51988276987
-1.53948250447
-1.55032255052
-1.58128239447
-1.62117418512
-1.64770652671
-1.64549856331
-1.65067110511
-1.65402615665
-1.66547098176
-1.65436102868
-1.64672976727
-1.64434373623
-1.64916202368
-1.64522987669
-1.65046242421
-1.64633687667
-1.64740616648
-1.64740616648
-1.64740616648
-1.64740616648
-1.64740616648
-1.64740616648
-1.64740616648
-1.64740616648
-1.64740616648
-1.64740616648
-1.64740616648
-1.64740616648
-1.64779988619
-1.64779988619
-1.64779988619
-1.64779988619
-1.64779988619
-1.64779988619
-1.64779988619
-1.64779988619
-1.64779988619
-1.64779988619
-1.64779988619
-1.64779988619
-1.64779988619
-1.64779988619
-1.64779988619
-1.64779988619
-1.64779988619
-1.64779988619
-1.64701361899
-1.64701361899
-1.64701361899
-1.64701361899
-1.64701361899
-1.64701361899
-1.64701361899
-1.64701361899
-1.64701361899
-1.64701361899
-1.64701361899
-1.64701361899
-1.64701361899
-1.64701361899
-1.64701361899
-1.64701361899
-1.64701361899
-1.64701361899
-1.64525422847
-1.64525422847
-1.64525422847
-1.64525422847
-1.64525422847
-1.64525422847
-1.64525422847
-1.64525422847
-1.64525422847
-1.64525422847
-1.64525422847
-1.64525422847
-1.64525422847
-1.64525422847
-1.64525422847
-1.64525422847
-1.64525422847
-1.64525422847
-1.64525422847
-1.64439751747
-1.64439751747
-1.64439751747
-1.64439751747
-1.64439751747
-1.64439751747
-1.64439751747
-1.64439751747
-1.64439751747
-1.64439751747
-1.64439751747
-1.64439751747
-1.64439751747
-1.64439751747
-1.64439751747
-1.64439751747
-1.64439751747
-1.64439751747
-1.64439751747
-1.64439751747
-1.64574152408
-1.64574152408
-1.64574152408
-1.64574152408
-1.64574152408
-1.64574152408
-1.64574152408
-1.64574152408
-1.64574152408
-1.64574152408
-1.64574152408
-1.64574152408
-1.64574152408
-1.64574152408
-1.64574152408
-1.64574152408
-1.64574152408
-1.64574152408
-1.64574152408
-1.64574152408
-1.64574152408
-1.64600560313
-1.64600560313
-1.64600560313
-1.64600560313
-1.64600560313
-1.64600560313
-1.64600560313
-1.64600560313
-1.64600560313
-1.64600560313
-1.64600560313
-1.64600560313
-1.64600560313
-1.64600560313
-1.64600560313
-1.64600560313
-1.64600560313
-1.64600560313
-1.64600560313
-1.64517101247
-1.64517101247
-1.64517101247
-1.64517101247
-1.64517101247
-1.64517101247
-1.64517101247
-1.64517101247
-1.64517101247
-1.64517101247
-1.64517101247
-1.64517101247
-1.64517101247
-1.64517101247
-1.64517101247
-1.64517101247
-1.64517101247
-1.6451724587
-1.64551332049
-1.64538610685
-1.64538610685
-1.64538610685
-1.64538610685
-1.64538610685
-1.64538610685
-1.64596184848
-1.64596184848
-1.64596184848
-1.64596184848
-1.64596184848
-1.64596184848
-1.64596184848
-1.64596184848
-1.64596184848
-1.64702184311
-1.64702184311
-1.64702184311
-1.64745834333
-1.64745834333
-1.64745834333
-1.64713843694
-1.64713843694
-1.64713843694
-1.64713843694
-1.64713843694
-1.64713843694
-1.64713843694
-1.64713843694
-1.64713843694
-1.64713843694
-1.64713843694
-1.64713843694
-1.64713843694
-1.64713843694
-1.64529812884
-1.64529812884
-1.64529812884
-1.64529812884
-1.64529812884
-1.64529812884
-1.64529812884
-1.64529812884
-1.64529812884
-1.6445645417
-1.6445645417
-1.6445645417
-1.6445645417
-1.6445645417
-1.6445645417
-1.6445645417
-1.6445645417
-1.6445645417
-1.64435098203
-1.64435098203
-1.64435098203
-1.64435098203
-1.64509862907
-1.64528068718
-1.64539937771
-1.6475969268
-1.64476790114
-1.64532996441
-1.64566807152
-1.65249649239
-1.64315307617
-1.64757138994
-1.65681636591
-1.6421183917
-2.95779392854
-2.94588519424
-2.86514242246
-2.8475208788
-3.03231167363
3.05348405511
2.8486411976
2.73356644328
2.82351591921
2.93123075623
2.98865694291
3.00674213931
3.02204978506
3.0201943263
3.03818564316
3.03865282946
3.05361016768
3.05668354832
3.05645960933
3.07504362978
3.0794240459
3.07936948126
3.09878549839
3.10146945549
3.1016871088
3.12541683757
3.126340343
3.12727548019
3.1314270893
-3.12673271407
-3.12512065542
-3.12479364277
-3.11922256997
-3.11130042547
-3.09847182626
-3.08276767538
-3.06829676697
-3.06212093057
-3.06550081316
-3.06609359541
-3.06016467469
-3.05343469946
-3.04531813808
-3.03720264025
-3.02895220104
-3.02183062978
-3.01418582551
-3.01015529451
-3.00752324406
-3.00030471321
-2.99707209585
-3.00483753737
-3.01416327404
-3.10478994169
3.038984112
2.96601191963
2.94295763174
2.91949499426
2.90656748971
2.89335543842
2.83917604674
2.79068618161
2.71203093931
2.5972717733
2.53329851608
2.43381586643
2.39849734457
2.34454284717
2.29466242901
2.2612320882
2.21038671691
2.15695243064
2.09877321618
2.03010802766
1.97932324695
1.92045426614
1.83364856646
1.79440593174
1.77312779867
1.74667336036
1.69880911473
1.63908982314
1.60661608589
1.55109381004
1.49036971214
1.43693169416
1.37964512367
1.34166971792
1.27654054243
1.20465345122
1.16461255543
1.12641971014
1.0497058752
0.997365381686
0.917039071613
0.844617858207
0.783218909152
0.722782635627
0.692673814062
0.622449600211
0.550208822204
0.477580193861
0.383874634077
0.310736815229
0.229450049745
0.184329995334
0.139390924713
0.109565964812
0.0707021199313
2.9808140579
3.13669862488
-2.83972513661
-2.69168515544
-2.6377331695
-2.67259615909
-2.7715733652
-2.88922950731
-3.00492310808
-3.04251130304
-3.01136996927
-2.9393793829
-2.921478623
-2.90167226776
-2.88652950574
-2.8706612288
-2.86616323068
-2.86121023081
-2.85663648401
-2.85643160326
-2.85933347654
-2.8657362854
-2.87046397404
-2.871071591
-2.86412646887
-2.85049956975
-2.84239535734
-2.83003679172
-2.81525247288
-2.80145961174
-2.79206290776
-2.78499367628
-2.78225317762
-2.78244575396
-2.7820655207
-2.77912837214
-2.7727490866
-2.76479546261
-2.75859520594
-2.75487248972
-2.7497810649
-2.74465876824
-2.74465876824
-2.73610353688
-2.72658460734
-2.71889611465
-2.71480235092
-2.71480235092
-2.70752636331
-2.70070594441
-2.69014493642
-2.67182262114
-2.64686220143
-2.63698076259
-2.63768514763
-2.64444408504
-2.66130679244
-2.6844619054
-2.68697329219
-2.67538462225
-2.66010417643
-2.64992075241
-2.63982185909
-2.63134293215
-2.62245806792
-2.61919737263
-2.61536853109
-2.61063637442
-2.60530933085
-2.60509341492
-2.60556607504
-2.62809397904
-2.67804458987
-2.72001599625
-2.79125244211
-2.87280338091
-2.96433787739
-3.0151111981
-3.06134994956
-3.08959174309
-3.12093135093
3.12235008584
3.0901272551
3.02831880834
2.93682250099
2.82197530802
2.69283522898
2.59350468329
2.55355805299
2.52886147819
2.48711459472
2.39932349934
2.36202376264
2.29954480996
2.25923000974
2.22271477583
2.17315643608
2.11700040485
2.05501245608
1.99780414988
1.94741674981
1.93005548006
1.90649423455
1.87498427893
1.84065652879
1.80568029053
1.75239821087
1.71380788679
1.7041011627
1.6867394181
1.64433229377
1.61565742226
1.56858283067
1.51953977509
1.43943821569
1.37781619262
1.31822709351
1.24827036686
1.16796344807
1.09716327373
1.04610218456
0.976675908016
0.916641683979
0.84555303987
0.773260369963
0.696072810884
0.641617422422
0.600224300561
0.563832983377
0.550133147446
0.537507444073
0.534788227293
0.524132210852
0.517004376534
0.507407597562
0.507930080339
0.518535249358
0.522675180163
0.509397196757
0.50742379161
0.498638853044
0.494206358087
0.49531207483
0.493271833546
0.485675426898
0.485654286669
0.484036814588
0.481446162977
0.477359893686
0.470212015546
0.46327557941
0.455732728571
0.447569733049
0.439335566134
0.431437851926
0.42430200872
0.414682803255
0.407444231567
0.402522441473
0.392295762849
0.384624198828
0.364161019671
0.360105741878
0.356134880251
0.332057577441
0.330403123542
0.310761889937
0.308804080728
0.29248224264
0.288648027646
0.268933577252
0.266488559505
0.24932250779
0.245717261275
0.235000934743
0.216085076883
0.21585526552
0.201233648321
0.20005759021
0.187725858909
0.165782186022
0.165039406664
0.148796182972
0.130910056358
0.116285960147
0.119234561253
0.1072023945
0.0931104417536
0.0864016280417
3.04229657845
-3.09508558087
-2.92452548178
-2.8417054703
-2.80751963665
-2.82741117531
-2.88368823279
-2.94831486171
-2.98431152518
-3.00719879302
-3.01612001421
-3.02202975372
-3.02259485992
-3.02259485992
-3.01673997143
-3.00218695878
-2.98749251577
-2.96112703972
-2.94442248786
-2.93493095484
-2.92094949463
-2.88694513641
-2.86712773152
-2.85459270557
-2.84942397393
-2.84039158246
-2.8281594953
-2.81500150165
-2.80618242149
-2.80237908084
-2.79708220931
-2.7908198261
-2.78266388473
-2.77336094153
-2.76555782479
-2.75776366926
-2.75193570132
-2.74057161152
-2.72194651375
-2.71458103921
-2.70440167004
-2.69588210065
-2.68306868786
-2.68096312323
-2.67487428936
-2.66697092093
-2.65611876099
-2.63823114633
-2.62856195024
-2.61892479527
-2.61725296916
-2.61971682618
-2.64736215126
-2.6853973575
-2.75022810355
-2.82268702312
-2.9017629515
-2.94158247742
-2.96718979268
-3.01209479066
-3.08156252505
-3.10873539955
3.13155293048
3.09145452273
3.0774494075
3.0774494075
3.06506650408
3.05538824581
3.01134472257
2.93745821999
2.8318941228
2.72121936163
2.60826379019
2.63756834102
2.65831599565
2.63443525275
2.56543518355
2.45850016882
2.30628213697
2.23540456838
2.24654313764
2.21006619381
2.15702652709
2.10334142517
2.0524479532
1.99974290017
1.94518929991
1.88894663411
1.81461393944
1.7452529535
1.68788423387
1.61780053609
1.54503453013
1.47031185234
1.39231052268
1.3134582263
1.24171830378
1.15921344861
1.07505009072
0.987085429703
0.910368602699
0.849643125996
0.811476883065
0.779722929924
0.752052684851
0.734938230376
0.723066203637
0.697990240268
0.683052802479
0.669414727845
0.647624794688
0.631048975473
0.610453630328
0.58590491679
0.566393034119
0.53935181094
0.513814046733
0.489649262256
0.458204258204
0.431540166306
0.398371582651
0.365037104836
0.339250053943
0.301513953675
0.269803119504
0.231929844932
0.193670511984
0.159418973353
0.118239967187
0.0829213581501
2.8154965175
2.91508726624
-3.12061535584
-2.97934588068
-2.94677681191
-2.98232968359
-2.94723497594
-2.75374745387
-2.54015517259
-2.3915841281
-2.28610600246
-2.20335552768
-2.14359501878
-2.08845903072
-2.04694735981
-2.01576630535
-1.97898942936
-1.95749686008
