7.77549538306
7.77413345064
7.78448733716
7.79711749126
7.81559736926
7.82877706585
7.84564276382
7.86573316069
7.88434963423
7.89708320065
7.90933976018
7.91802090934
7.92227491504
7.92150338291
7.91430354094
7.90110394515
7.89218805542
7.88351632324
7.87710308638
7.87139905064
7.86529446647
7.86071782887
7.85664131465
7.85225861725
7.84895608975
7.84598356534
7.84279055287
7.83994777231
7.83788121239
7.83635707991
7.8341626599
7.83233609187
7.83069504146
7.82978725142
7.82856370985
7.82749276752
7.8272998446
7.82682303041
7.82687823976
7.82666956229
7.82713948835
7.82752483644
7.82837724157
7.82924052728
7.83059046491
7.83185127217
7.83350937727
7.83513831723
7.83745753428
7.83999653975
7.84311075558
7.84559117144
7.84862765918
7.85169800033
7.85437429282
7.85719857857
7.86075007777
7.86380297708
7.86772324761
7.87188271202
7.87634313429
7.88027872284
7.88529291748
7.89055883008
7.89517228712
7.90101072215
7.90737935536
7.91267279219
7.91845997444
7.92445751866
7.93169475945
7.93317733438
7.92846886567
7.92086033044
7.91264393233
7.90391045639
7.89603747226
7.88535458552
7.87213389354
7.85607382786
7.83731502676
7.81597993243
7.79637159352
7.77494708668
7.74773614305
7.72381367076
7.69643174612
7.6646686244
7.63720903795
7.60253256149
7.56619098262
7.52803620197
7.49528266648
7.45456191249
7.41336855868
7.37877359713
7.33692989581
7.29479328093
7.25233839836
7.21683236554
7.17403872733
7.1382721146
7.09522665604
7.05946885159
7.03790292504
7.00914495565
6.97316400736
6.93036211603
6.89513324471
6.85339093845
6.81242230357
6.77905587013
6.74048300882
6.7093578745
6.67315596084
6.6441002609
6.61052276413
6.57870326581
6.55364080812
6.52997905294
6.50341231143
6.48282284326
6.4602643406
6.44005675368
6.42223324348
6.4093096123
6.39609993892
6.38718152884
6.37853859464
6.37299618853
6.36797713717
5.84518667103
5.84072598412
5.83188068514
5.83621612035
5.84410261114
5.85428931897
5.86664406234
5.88035862395
5.89448887118
5.90626161356
5.91854382052
5.93113848913
5.94110224979
5.95224794046
5.96284013424
5.97309924826
5.98156462619
5.99179773227
6.00238837544
6.01350997484
6.02322577806
6.03543674698
6.04816964632
6.05912400742
6.07248574769
6.08380430718
6.09744949599
6.1110867026
6.12360918284
6.13493531786
6.148587516
6.16237167579
6.17402808814
6.18828867287
6.2028745721
6.21535673528
6.23055529003
6.24348920389
6.25931831955
6.2754026695
6.28900279818
6.3054811495
6.32217313925
6.33621860239
6.35324615697
6.37045673393
6.38497813043
6.39669194941
6.41445590128
6.4324336724
6.44766985796
6.46322507511
6.48252731296
6.50280370983
6.52018161433
6.54119062885
6.56212178975
6.5793128397
6.59946861564
6.61901530079
6.63549663068
6.65222369097
6.67256049766
6.68969504034
6.71051814201
6.72803512012
6.74574876729
6.76721715022
6.78529166461
6.80719546653
6.82935646421
6.84805633608
6.86679240141
6.88935797487
6.90858320191
6.92890940988
6.94866587978
6.96220711298
6.97358280668
6.98255304703
6.99329192896
7.00330702078
7.01077166332
7.01778022897
7.02182015591
7.02244308713
7.01964404715
7.01343559547
7.00629119527
6.99559729473
6.98318706361
6.96921942585
6.95613029944
6.93854292449
6.91877540057
6.89671635116
6.8762786154
6.84926983797
6.81969643865
6.78817205022
6.76089059077
6.72741599194
6.69312463599
6.65798654187
6.62800208872
6.59112091295
6.55345345638
6.51474460888
6.48187293098
6.44162958766
6.40059887846
6.36594735046
6.32375516383
6.28114939969
6.24543196587
6.20237654485
6.1665478872
6.1234416547
6.08048367401
6.0376486105
6.00226068213
5.96045788454
5.91921577819
5.87895554179
5.8460332607
5.80758361823
5.77044756742
5.740663112
5.70602448543
5.67313918436
5.64721182407
5.61795770742
5.59054205948
5.56893814184
5.54632686073
5.52660467001
5.5036386092
5.4815136385
5.46333160545
5.44165912431
5.42388404777
5.40257806198
5.38141977509
5.36381004643
5.34260306103
5.32159242777
5.304048009
5.28299093395
5.26209636893
5.24472197788
5.22386128386
5.20318579708
5.1860336441
5.16548377725
5.14850713691
5.12820695968
5.10811970748
5.09150112771
5.07333244649
5.05697557487
5.03904856908
5.01972583045
5.00059222973
4.98484502369
4.9661259009
4.94765642099
4.93248137717
4.91442605482
4.89962130454
4.88204620196
4.86764795258
4.85194406584
4.83550595305
4.8220097258
4.80572634913
4.79028436359
4.77760840948
4.76371782579
4.74868040635
4.73709107383
4.72325472919
4.71158824769
4.69845382647
4.68521476581
4.67481343778
4.66230098959
4.6522668293
4.64030939602
4.62880470901
4.6200091158
4.60928760022
4.60096290619
4.59075093671
4.58269572987
4.5739758595
4.56650897906
4.55791438278
4.55034642157
4.54366518487
4.53603152433
4.52911379093
4.52411032972
4.51780752839
4.51163626157
4.50707923497
4.50207756026
4.49855877534
4.49403841364
4.49057881286
4.48685346412
2.75759084517
2.75411487269
2.75210633159
2.75568984083
2.76250468614
2.77053936667
2.77932378372
2.78819413867
2.79511291746
2.80240869715
2.80897452138
2.81370359803
2.81941722884
2.82483635532
2.8322322602
2.84052602201
2.84806386345
2.85776442851
2.8663998073
2.87747379464
2.88725724616
2.89972818556
2.91300040178
2.92482193332
2.94025431288
2.95655214344
2.97049682693
2.98732417754
3.00413603238
3.0180909802
3.03169072416
3.04714190167
3.06461611636
3.07958995919
3.09805633433
3.11709346632
3.13333247987
3.1533435178
3.17041195899
3.1913012148
3.21269513095
3.23086693822
3.2531465982
3.27583266626
3.29506211704
3.31892321044
3.33861402287
3.36048007398
3.37730242112
3.39367668788
3.40669945779
3.41883413737
3.42806870089
3.43767984233
3.44431158655
3.44958439189
3.45318718117
3.45519111967
3.4556483372
3.45457839922
3.45228273612
3.44753808137
3.44045826348
3.43074847092
3.42062921212
3.40585201036
3.39158935875
3.37213182177
3.35052716296
3.33109193562
3.31060099745
3.28903772047
3.26213989312
3.23442139878
3.20590418856
3.17643449642
3.15113518259
3.12277242508
3.09045743551
3.06280652831
3.02859860259
2.9993198881
2.96316562389
2.92605304424
2.88798209916
2.84898417571
2.81586102451
2.77539207041
2.73774858295
2.69543102622
2.66008023832
2.62107882613
2.57813262742
2.53500387547
2.49913717218
2.45554743032
2.41208455297
2.37619270473
2.33408751815
2.29249390954
2.25853268026
2.22217942275
2.18388356501
2.15310876313
2.11755341866
2.08633519584
2.05900052521
2.02727777401
1.99647068923
1.97156613973
1.94223121296
1.91364086371
1.89017027534
1.86237093056
1.83512954447
1.80832178925
1.7863092765
1.76026196287
1.73481531275
1.7139942159
1.68944377985
1.66554087877
1.64222110248
1.62327006615
1.60112805477
1.57981567243
1.55926018852
1.53949785038
1.52059724551
1.49966908652
1.48277274919
1.46424147077
1.44949438144
1.43581577858
1.42129720734
1.40840461313
1.39861302017
1.38928808008
1.38098490142
1.37534328676
1.37038538226
Variable containing:
( 0 , 0 ,.,.) = 
  0.0008
  0.0000
  0.9760
  0.9758

( 0 , 1 ,.,.) = 
  0.0000
  0.9760
  0.9758
  0.9773

( 0 , 2 ,.,.) = 
  0.9760
  0.9758
  0.9773
  0.9793
    ... 

( 0 ,476,.,.) = 
  0.0100
  0.0078
  0.0058
  0.0043

( 0 ,477,.,.) = 
  0.0078
  0.0058
  0.0043
  0.0029

( 0 ,478,.,.) = 
  0.0058
  0.0043
  0.0029
  0.0016
[torch.FloatTensor of size 1x479x4x1]

Variable containing:
( 0 , 0 ,.,.) = 
  0.0008
  0.0000
  0.9760
  0.9758

( 0 , 1 ,.,.) = 
  0.0000
  0.9760
  0.9758
  0.9773

( 0 , 2 ,.,.) = 
  0.9760
  0.9758
  0.9773
  0.9793
    ... 

( 0 ,476,.,.) = 
  0.0100
  0.0078
  0.0058
  0.0043

( 0 ,477,.,.) = 
  0.0078
  0.0058
  0.0043
  0.0029

( 0 ,478,.,.) = 
  0.0058
  0.0043
  0.0029
  0.0016
[torch.FloatTensor of size 1x479x4x1]

7.55788040475
7.51022999384
7.5083697651
7.51016872027
7.52864877388
7.55925192849
7.58595036773
7.61594398445
7.64441345593
7.67466291308
7.69759400441
7.72287184333
7.74226040785
7.7625565221
7.77760647183
7.79150931342
7.80156975262
7.80902304386
7.8146536905
7.81744881517
7.81868524933
7.82043517894
7.82319359985
7.82563215174
7.82826390129
7.83052614735
7.83415528979
7.8373675477
7.84077177977
7.84440376106
7.84817582169
7.85218882754
7.85638997683
7.86167071603
7.86626817594
7.87204085753
7.87705706865
7.88332696773
7.88874325684
7.89560899284
7.90137795495
7.90835099966
7.91570838639
7.92254328178
7.92357238254
7.92218789477
7.91799340068
7.91441970415
7.91063736338
7.90611726039
7.89897968063
7.89127523983
7.87845175444
7.86534891748
7.84654437919
7.82921448958
7.80654259198
7.78633246968
7.7606354976
7.73336360313
7.70945822154
7.67894469702
7.65200899578
7.6237284496
7.58795826255
7.55676097849
7.52458996399
7.49141456093
7.45062511491
7.41628799762
7.3748817445
7.34009745012
7.29802914271
7.262704949
7.22007378382
7.18442693054
7.14147807698
7.09850068105
7.06269177215
7.01949656058
6.98337028299
6.94757639409
6.90500957096
6.86312649753
6.82893374268
6.78859328183
6.75595053454
6.71814406342
6.68765514845
6.65230464108
6.62397728668
6.59143133799
6.56572626254
6.53678416182
6.51421110437
6.48895528993
6.46950301204
6.44839628048
6.43250954031
6.41579208551
6.40366530687
6.39166261212
6.38396204747
6.37653467974
6.37192110877
6.36832468328
5.86130612164
5.85670050567
5.84781121792
5.85196620245
5.85882276059
5.86638011916
5.87518595899
5.88673244105
5.89692998688
5.90722176514
5.91945703192
5.93147306956
5.94108165065
5.95015988678
5.95883610316
5.96899339273
5.97742523452
5.98757235649
5.99616693199
6.00679314893
6.01593777153
6.02727102399
6.03703316913
6.04906651688
6.05938523148
6.06987408602
6.08048669356
6.09341636833
6.10430410281
6.11749000613
6.12861945852
6.13986020488
6.15351857082
6.167410138
6.17919596749
6.19354448421
6.20816867435
6.22052888064
6.23309288647
6.24841657291
6.26140627872
6.2772350622
6.29063148069
6.30419668567
6.32066390716
6.33739860023
6.35152576487
6.36868070577
6.38315727567
6.39778557212
6.41552365878
6.43047346638
6.44564201054
6.46425425115
6.4801903007
6.50030951403
6.51754295646
6.53832532235
6.55906096745
6.57614575572
6.59622882477
6.61249550614
6.62891755661
6.64895432494
6.66586189961
6.68637390043
6.70367198786
6.72113857828
6.74234564735
6.76018999714
6.77821437779
6.80006511463
6.81844282706
6.84070808704
6.85949545528
6.88209744066
6.90143595388
6.92408033404
6.94175951374
6.96077311078
6.97461776062
6.98864338233
6.99841663679
7.00683944182
7.01275039219
7.01740449921
7.02049415513
7.02146525135
7.02120383004
7.01956361239
7.01563872643
7.0096670798
7.00256439178
6.99144633408
6.97767089202
6.96394015702
6.94823142499
6.92713479374
6.90391033315
6.88282490276
6.8558141233
6.83175441895
6.8013328172
6.77477750787
6.74193739804
6.70821004951
6.67358571015
6.64404569014
6.60764778766
6.57663908223
6.5385307749
6.5062065499
6.47315255359
6.43619532491
6.40197029838
6.36037298682
6.3181960943
6.28270231323
6.2397598516
6.19676333161
6.16081872072
6.12490651949
6.08197459129
6.0393716924
6.00392683504
5.96215118438
5.92775112232
5.88712533491
5.85418479736
5.81547991267
5.78415394291
5.75109633377
5.72178562303
5.69363112385
5.66134261304
5.63609674177
5.61211909569
5.58503604906
5.56368918074
5.53916880249
5.51970892569
5.4969363588
5.47850468982
5.45667213483
5.43882905525
5.41742617079
5.39980228491
5.37864023181
5.36113020038
5.34005422315
5.322618961
5.30159215184
5.28419468066
5.26326092938
5.24592856599
5.22511089903
5.20786160128
5.19066875649
5.17016292307
5.15326966118
5.1363797873
5.11623381058
5.09960875068
5.08301433403
5.06327335304
5.04701797601
5.02762552124
5.01162288025
4.99412014341
4.97841886197
4.95976484978
4.94443443595
4.92925061884
4.91124431531
4.89646031912
4.8789624377
4.8645826362
4.85030604189
4.83389258992
4.82056726089
4.80462724196
4.78856365066
4.77600361409
4.7612107989
4.74870668575
4.73682470972
4.72283051744
4.71108123724
4.69751349002
4.68496387767
4.67431635056
4.66208381564
4.64981995918
4.64028270231
4.6306332026
4.61948230214
4.61112103435
4.60073933457
4.59277839749
4.58464323133
4.57523331284
4.56818087509
4.56093787325
4.5525559445
4.54630678186
4.53986182696
4.5336559729
4.52685222518
4.52187259531
4.51564655885
4.51059010444
4.50516430957
4.50110356511
4.49671150357
4.49362907345
4.48965109054
4.48652971363
2.73873728283
2.73439287193
2.73028719612
2.73384439775
2.74152260686
2.75029625113
2.76005165401
2.77172206607
2.78098003275
2.78908840355
2.7974284818
2.80349101643
2.80866445467
2.8140470047
2.8190130098
2.82476468213
2.83247195163
2.83953209186
2.8471176649
2.85522218438
2.86561189555
2.8748714237
2.88465641567
2.8949439166
2.90805166476
2.91967524714
2.93322730339
2.94662765572
2.96080741258
2.97814741642
2.99275013916
3.01008908106
3.02434406266
3.03828995537
3.05520052937
3.06972733156
3.08771023483
3.10315774538
3.12219438049
3.13843101325
3.15842978013
3.17548352477
3.19639436397
3.21420323922
3.23232739366
3.2545141043
3.27334675537
3.29628746915
3.31587735634
3.33925379756
3.35751744377
3.37624263232
3.39144779889
3.40728093177
3.4184779361
3.42874390905
3.43657768291
3.44274970673
3.44878336708
3.45300691228
3.45627070962
3.4583877372
3.45837613595
3.45626550031
3.45067372231
3.44238955887
3.43361978998
3.42299498609
3.40827353641
3.39439720432
3.37587670455
3.35558013304
3.33728960057
3.31347843112
3.29193496256
3.26506693812
3.24202174157
3.21362595352
3.18929075056
3.15917391542
3.13335449494
3.10142276323
3.06848508471
3.0402323583
3.00530413592
2.96938378648
2.93866063349
2.90083315976
2.86866557966
2.8292348143
2.78907480422
2.75505950543
2.7133023718
2.67806965011
2.63550605486
2.59969952204
2.55676361143
2.51360202512
2.47734086603
2.4340026116
2.39810056794
2.35539340024
2.32046163233
2.27903423487
2.24524522877
2.21232968838
2.17417915593
2.13763082631
2.1083067391
2.08002640643
2.04732808618
2.01585446942
1.98541745563
1.96062236529
1.93141657373
1.90766146112
1.88204026505
1.8590009143
1.83178723064
1.80955430814
1.78757927886
1.76164863447
1.73632279182
1.71555021514
1.69504904062
1.67302465713
1.65343423085
1.63050162365
1.61196213665
1.59026632435
1.56938950377
1.55253411675
1.53299890358
1.5174315322
1.50246776697
1.48538801424
1.46933761002
1.45671665919
1.44478490695
1.43148868402
1.42131212072
1.41012497223
1.40172572562
1.39415525585
1.38619850325
1.38057670054
1.37496623192
1.3707035661
7.51895032324
7.77951908311
7.78077742422
7.79191490298
7.80735700294
7.83116728261
7.84134822544
7.85502374852
7.87642221475
7.88815308737
7.89971746931
7.90921316995
7.91627669432
7.92108110498
7.92151385022
7.91651395735
7.90652106889
7.89682385618
7.88981216371
7.88236759615
7.87673362501
7.87064377124
7.8660236
7.86185777365
7.85729753085
7.85377286413
7.84998929725
7.8465843119
7.84405600255
7.84134503379
7.83896331396
7.83723308748
7.83595106774
7.83408984587
7.83232443192
7.83132375659
7.83083787294
7.82989741684
7.8291350737
7.82928195994
7.82919128741
7.82929118996
7.83005524077
7.83055546841
7.83144213195
7.8323078692
7.83320663036
7.83508317257
7.83673787583
7.83892959029
7.84135790593
7.84372696196
7.84646654775
7.84868996736
7.85145031355
7.85382402808
7.85686118947
7.8595112285
7.86292480833
7.8659400192
7.86981352285
7.87323171596
7.87760938358
7.8814590354
7.88640339964
7.89072058021
7.89621902107
7.9010130344
7.9072022488
7.91247638038
7.91918282839
7.92418381013
7.92948225272
7.93280978958
7.9337638116
7.93198931524
7.92782347808
7.91885858041
7.90686681348
7.89529533339
7.88291010322
7.86732721104
7.85375666559
7.83600950861
7.81993699586
7.79779628361
7.77264236166
7.74942125512
7.71909154059
7.69214089237
7.65789487825
7.62869176157
7.59207224934
7.5606550315
7.52187600552
7.48205381639
7.44139100045
7.40706654381
7.36566873312
7.33086356926
7.28876253772
7.25348253562
7.21081783558
7.17509644508
7.13214192551
7.08920826362
7.05334677292
7.00995487694
6.97397193682
6.93108177425
6.89592172495
6.85415500032
6.82003568858
6.77998999155
6.74765096018
6.71008982168
6.67968568747
6.64451311373
6.61094936935
6.58438563713
6.55414493103
6.53046649106
6.50397180775
6.48332339044
6.46427382519
6.44357931968
6.42823129975
6.41201729443
6.40038089488
6.39052895055
6.38098994648
6.37490050241
6.36925820808
5.85156268919
5.84704296724
5.83832655138
5.84292428916
5.85016317477
5.85980641986
5.86924509501
5.88161954871
5.8926263461
5.90611224994
5.91958620504
5.93052936039
5.94292688445
5.95473158949
5.96599730437
5.97497749674
5.98541339976
5.99411258481
6.00293185034
6.01388725467
6.02342224998
6.03536519029
6.0478490183
6.05865443708
6.07193178228
6.08320988758
6.09684300057
6.10830405359
6.11975753008
6.13355543141
6.14746992494
6.15915032292
6.17089486071
6.1839132005
6.19840308195
6.2107188323
6.22324276148
6.23600015312
6.24636313556
6.25948828502
6.27280405498
6.28903314734
6.29998543756
6.31381072615
6.32779297061
6.34477227424
6.35907329912
6.37352298239
6.38810607218
6.40581084964
6.41770756755
6.42969876397
6.44180528165
6.46033903257
6.47943435626
6.49603017365
6.51314012888
6.52697428951
6.54422751679
6.56138038008
6.5783700191
6.5951778208
6.60839285255
6.62493891073
6.64166788883
6.66197657946
6.67907617401
6.69801349288
6.71899248176
6.73664708303
6.75805730124
6.77605621537
6.79788238301
6.81623103781
6.83846851471
6.86098499696
6.879787879
6.90239992193
6.92251859622
6.94048553578
6.95776714218
6.96957206367
6.98145027859
6.99165929831
7.0034986267
7.0126145785
7.01885778303
7.02480058551
7.02841648929
7.02894863355
7.02716215696
7.02306783392
7.01624387164
7.00906901095
6.99849338165
6.98831808133
6.97918965824
6.96630239893
6.94870129228
6.93252140252
6.91080377513
6.8909001893
6.86903394587
6.84540127358
6.82025409421
6.78873212169
6.75585409488
6.72784992951
6.69922277105
6.66404362304
6.63406921098
6.59727347155
6.55958978349
6.5274933283
6.49466251311
6.46139576337
6.42754989108
6.39329588884
6.35149166318
6.31627411673
6.28792392126
6.24507211115
6.19474709571
6.14441436586
6.10857790346
6.05865055768
6.01616490049
5.96714808131
5.92592478502
5.87872518358
5.83949430362
5.80139442647
5.76457426917
5.72302798059
5.69490764451
5.6627103664
5.63743872348
5.60889723327
5.58650874989
5.56078283081
5.53644726462
5.51699239258
5.49799820441
5.4758035027
5.45778524445
5.43812414265
5.42035277534
5.39913310633
5.378140868
5.35714256804
5.33960084076
5.32196268143
5.30090752431
5.28351408789
5.26261309091
5.24529544314
5.2245131737
5.20730220824
5.18665544446
5.16961149279
5.149185212
5.13233596266
5.11220926664
5.09224791706
5.07570561805
5.05598131172
5.03969511074
5.02356419757
5.00439768498
4.98861455865
4.96988181906
4.95443580583
4.93613908967
4.91807003772
4.90318796523
4.88558460996
4.87113511238
4.85383391739
4.83743194101
4.82396303357
4.81056179496
4.79711370194
4.78184647908
4.76704700521
4.75434727337
4.74235226308
4.73058444653
4.71639774261
4.70521774669
4.69168661535
4.68117309398
4.66849134933
4.65841134765
4.64631966109
4.63655749168
4.62574439275
4.6146547702
4.60617939513
4.5975282767
4.58753374165
4.57863874941
4.57080053618
4.56184067158
4.55526337811
4.54710464529
4.53941249509
4.53375255878
4.52682414953
4.52115776694
4.51500815743
4.51031786771
4.50632213879
4.50195874845
4.49710035208
4.49361682124
4.48980484043
4.48685901675
2.73239152371
2.72831352507
2.72389123485
2.72791876643
2.73534309137
2.74779251504
2.75910231424
2.77214783967
2.78220836034
2.79229344946
2.79924238734
2.80584577833
2.81036815354
2.81482716842
2.82017773466
2.82733965273
2.83394162477
2.84106467465
2.85030209148
2.8585169489
2.86907229672
2.87848735415
2.89039823101
2.90086597152
2.9141934198
2.92602842686
2.94135696074
2.95494364948
2.97162058147
2.98577393776
3.00270181737
3.01954316468
3.0333754687
3.05020573971
3.06765793041
3.08266405662
3.10120838474
3.11703547157
3.13655247221
3.15323548112
3.17025691582
3.19115391027
3.20891107478
3.23067841317
3.24917780458
3.26800925249
3.2909225334
3.31026615369
3.33511853854
3.3593756817
3.37397453735
3.38001589607
3.38838005391
3.39878679108
3.40642252404
3.41470997745
3.42402047109
3.43252506582
3.4401460355
3.44022643575
3.43554881222
3.4272973375
3.42086759716
3.41191093631
3.40394035488
3.39426711912
3.3869016515
3.37633450147
3.37045878612
3.3569351506
3.34391792161
3.32873115393
3.31133981468
3.28788357032
3.26663350998
3.23845670822
3.2143168027
3.18492415919
3.15979151313
3.1340323096
3.10221657189
3.07505801409
3.03576628838
3.00102864359
2.97119393209
2.93440229185
2.90305370598
2.86453768766
2.82519085599
2.78506580443
2.75106848748
2.70929806555
2.66697056112
2.63145180012
2.58858076111
2.55276864107
2.50959961791
2.46598056341
2.42976002331
2.38676892999
2.35130633561
2.30935386179
2.27503405035
2.23473404475
2.19562600743
2.16438558271
2.1341942372
2.10496743029
2.07674733565
2.04945891282
2.02828416634
2.00247886233
1.97743293729
1.95295747563
1.93372635086
1.91000050488
1.8868115844
1.8594285238
1.83698838088
1.81914502063
1.79706080748
1.77543667198
1.7583662845
1.73729895118
1.71666048574
1.69642277308
1.67650245783
1.65696707432
1.6378580463
1.61916484286
1.60458296953
1.58674903459
1.56950035902
1.55280048467
1.53982113046
1.5210427949
1.50906991486
1.49181878928
1.47819020054
1.46774132343
1.45290243219
1.44363282895
1.43270323033
1.42451491088
1.41501611477
1.40635837746
1.40003632848
1.39289717966
1.3866532877
1.38129994399
1.37746157547
1.37332886155
7.88740057856
7.88843058881
7.89345368593
7.90603951484
7.91658414722
7.92303050648
7.9269021713
7.92680513409
7.92289504336
7.9122728331
7.90287621318
7.89380460545
7.88722821838
7.88016758148
7.87380438003
7.86902018854
7.86409522429
7.85963682639
7.85459918448
7.85115866841
7.84696205241
7.84301479258
7.83885672066
7.8362042567
7.8330122746
7.82935814178
7.82702890515
7.82442420151
7.82188758861
7.81957536775
7.81775574796
7.8159092893
7.81456931521
7.81357929594
7.81202529611
7.8115236302
7.81118141837
7.81081956714
7.81020158663
7.8105283795
7.81094611465
7.81137962113
7.81200956932
7.81236102507
7.8135107435
7.81520287661
7.81687824419
7.81890272238
7.82094160358
7.82354484023
7.82689367441
7.82958798953
7.83283266492
7.8361855247
7.83911605254
7.84280454204
7.8459967778
7.85005986666
7.85359887597
7.85806427102
7.86278703503
7.86693603424
7.87216680706
7.876715856
7.88180418883
7.88776265847
7.89294508773
7.89848863031
7.90514407851
7.91159292333
7.91736462066
7.92576742859
7.92868203324
7.92532823389
7.91955499752
7.91403910455
7.90726471811
7.90143986261
7.8932342448
7.88480976607
7.87139377568
7.85770383639
7.83838199439
7.81635520588
7.79632085709
7.77057068938
7.7433814457
7.71985537006
7.6950605683
7.66372770514
7.63632431308
7.60177047195
7.57160799865
7.53367421314
7.49444163051
7.45371826376
7.41937695671
7.37789671104
7.33612406912
7.29394855382
7.25153158667
7.21602109937
7.18033981926
7.13739301495
7.1015782698
7.05853637799
7.01889366309
6.97564856567
6.94005778903
6.89736205531
6.86277735245
6.82855783855
6.79161114192
6.75887516409
6.72098180727
6.69043656465
6.65490638907
6.62645026831
6.59659969472
6.56583714663
6.54154355779
6.51411412828
6.4928175546
6.46923518587
6.45139167809
6.43215489578
6.41805647807
6.40332577968
6.39307883638
6.38310065481
6.37656450274
6.37071068578
6.36656991302
5.85034440835
5.84562622862
5.83664662641
5.84125229748
5.85125179916
5.86097098377
5.87427793981
5.88600260834
5.90000114689
5.91139531697
5.92414335647
5.93601348445
5.94512424604
5.95348199571
5.96302082227
5.97073511945
5.97925459316
5.98726718163
5.99649293787
6.00719663259
6.01667054646
6.02858806467
6.03894068382
6.05068706084
6.06368743815
6.07461709713
6.08555203531
6.09865552192
6.10962857815
6.12283949104
6.13612333077
6.14730570517
6.16090874032
6.17477412683
6.18655682903
6.1998459969
6.21214075685
6.22725205892
6.2400863875
6.25571868709
6.27160821271
6.28502314939
6.3012905752
6.31500865553
6.32885822429
6.34566811635
6.35985600241
6.37707981246
6.39455073426
6.40930749318
6.42720633201
6.44535675082
6.46080236098
6.47992830993
6.50005056432
6.51727546953
6.53811121546
6.55544825436
6.57593572695
6.5960733229
6.61239322357
6.63209916678
6.65214447311
6.66908758254
6.68966165814
6.7070025235
6.72805443637
6.74578864852
6.76726772625
6.78899373141
6.80729198893
6.82947989439
6.85192566926
6.87068918949
6.89327034055
6.91254654451
6.93607185948
6.9558735254
6.9694521989
6.97834886475
6.98817534164
6.99601138945
7.00482269056
7.01242237849
7.01740095942
7.02034265098
7.02035704526
7.01789445655
7.01228719397
7.00394448938
6.99443177678
6.98417721574
6.97027747565
6.95414828777
6.93592234358
6.91913258901
6.89642024259
6.87576754131
6.85368315634
6.82501676987
6.79399878114
6.76702203329
6.73373979528
6.69963865899
6.6646552457
6.62870966399
6.59809765847
6.56373788344
6.5253308247
6.49263405816
6.45263585076
6.41192842282
6.37749390358
6.33550632167
6.29307046517
6.25733649455
6.21430303802
6.17114784847
6.13529772548
6.09218692123
6.04943681643
6.01398129043
5.97192897458
5.93052013491
5.89660224539
5.85686272607
5.82450209882
5.78664493899
5.75041276224
5.7209581868
5.6880759011
5.6560353251
5.63105995768
5.60283392356
5.58059280346
5.55520799426
5.53115157324
5.51183794677
5.48918110316
5.47085174987
5.45269009862
5.43124286287
5.41363181442
5.395978889
5.3749227617
5.35751808906
5.33653787454
5.31910282445
5.29988829582
5.28241104407
5.26155068805
5.24425685008
5.22351671355
5.20632498199
5.18571708881
5.16867508904
5.14829134627
5.12805653392
5.11132748751
5.09130639812
5.07478625001
5.05836029412
5.03886598642
5.01957508353
5.00364243731
4.98783395312
4.96908059627
4.95361723862
4.93683866384
4.92171765378
4.90383838017
4.88914838923
4.87176375982
4.8572420143
4.84342875092
4.82992963566
4.81648627237
4.80025731717
4.78751779674
4.77251664587
4.75986193839
4.74540105954
4.73356999234
4.71925121049
4.70798338713
4.69666705912
4.68595571532
4.67526426506
4.66306757196
4.65277845079
4.64216549415
4.63071799294
4.6200448686
4.61093124471
4.6021145473
4.59331003758
4.58530411239
4.57705539213
4.56947334784
4.56071377852
4.5542136914
4.54748507052
4.53975165347
4.534085506
4.52685466338
4.52132287068
4.51529869452
4.51100475339
4.50634515638
4.50111129099
4.49659784122
4.49325629726
4.49014753405
2.74709491861
2.74435570751
2.74032120827
2.74291073084
2.74797095018
2.75372992062
2.76173579943
2.7704230002
2.77777158117
2.78613689784
2.79424780733
2.80068852993
2.80679928985
2.8141122761
2.82045363033
2.82856077549
2.83743751835
2.84556531539
2.85620474194
2.8658326155
2.87810650246
2.88891275665
2.90016814671
2.91440227011
2.92685146208
2.94286211294
2.9568701728
2.97401252451
2.991225637
3.00839413241
3.02250622951
3.03892997737
3.0530890172
3.07071734169
3.08587531201
3.1045850989
3.12056948061
3.14025958821
3.16049326918
3.17770296165
3.19882062471
3.21677846357
3.23875083316
3.25743314963
3.27839400554
3.30151844865
3.32143950634
3.34635089813
3.3637445867
3.37918816405
3.39118765108
3.40124374803
3.41334920636
3.42330529023
3.43446812274
3.4427244007
3.45020604487
3.45427630401
3.45611665073
3.45551732261
3.45293804201
3.44878533776
3.4433609184
3.43683807635
3.43182303548
3.42323099161
3.41547320846
3.40450050868
3.38955462993
3.3753185491
3.35590195629
3.33773099079
3.31761376563
3.29580708998
3.26863766595
3.2453334498
3.21670324292
3.18722630259
3.16194677306
3.13599520598
3.10934378552
3.08202173155
3.04828150325
3.01355023779
2.98379058904
2.95328362724
2.92209970281
2.89669533615
2.87086517409
2.83145013231
2.79806973846
2.75733920157
2.72958848192
2.69087019477
2.65540638989
2.61980828879
2.59125527815
2.54810285132
2.5121645576
2.46867966623
2.43255347794
2.38943923148
2.35392881854
2.31226236186
2.28463139109
2.25076573765
2.21116368061
2.17940029467
2.14864217721
2.11307516947
2.08472136212
2.05190194748
2.02550240813
1.99465072001
1.96971758989
1.9404355129
1.91658747363
1.8883940338
1.86539268463
1.83809700406
1.81130116134
1.78492882547
1.7675894811
1.74609143275
1.7251192159
1.70455895483
1.68441369452
1.6686002844
1.64537748757
1.62665824112
1.60828070045
1.59037788119
1.5730000644
1.55616205171
1.53988303038
1.52419197056
1.51208294013
1.49750915218
1.48094063136
1.46790047713
1.45548696749
1.44607491035
1.434991757
1.42670475663
1.41705134378
1.4099309652
1.4017703833
1.39445791852
1.38923016699
1.38346612703
1.37863055894
1.37514679673
1.37159981001
Variable containing:
 0.0000
 0.9760
 0.9758
 0.9773
[torch.FloatTensor of size 4x1]

Variable containing:
 0.0000
 0.9760
 0.9758
 0.9773
[torch.FloatTensor of size 4x1]

Variable containing:
 0.9760
 0.9758
 0.9773
 0.9793
[torch.FloatTensor of size 4x1]

Variable containing:
 0.9793
[torch.FloatTensor of size 1]

Variable containing:
 0.9760
 0.9758
 0.9773
 0.9793
[torch.FloatTensor of size 4x1]

[7.82605]
[7.84336]
[7.8641844]
[7.883854]
[7.8975706]
[7.9102893]
[7.919573]
[7.924262]
[7.923677]
[7.9164214]
[7.9027905]
[7.892937]
[7.883866]
[7.8770328]
[7.8710594]
[7.864724]
[7.859825]
[7.855555]
[7.8510094]
[7.84748]
[7.844368]
[7.8410583]
[7.838058]
[7.835853]
[7.834245]
[7.832011]
[7.830066]
[7.82834]
[7.827354]
[7.8261123]
[7.8249826]
[7.8247256]
[7.8242683]
[7.824294]
[7.8241024]
[7.8245506]
[7.824973]
[7.82584]
[7.826752]
[7.8281384]
[7.829474]
[7.831185]
[7.8329005]
[7.835286]
[7.8379445]
[7.841176]
[7.843828]
[7.846959]
[7.850178]
[7.85301]
[7.855947]
[7.8596163]
[7.862863]
[7.866906]
[7.871261]
[7.8759265]
[7.8800926]
[7.885263]
[7.890782]
[7.8956766]
[7.9016986]
[7.9083586]
[7.914007]
[7.920021]
[7.926297]
[7.9338093]
[7.9358106]
[7.9311967]
[7.9232225]
[7.914514]
[7.9053397]
[7.896998]
[7.885996]
[7.8722377]
[7.855493]
[7.8359056]
[7.813615]
[7.7928877]
[7.7705956]
[7.7424364]
[7.7171054]
[7.688743]
[7.6557837]
[7.6268587]
[7.591197]
[7.5533824]
[7.5138054]
[7.4797053]
[7.4380555]
[7.3954597]
[7.359704]
[7.317147]
[7.2739053]
[7.2305484]
[7.1943827]
[7.151227]
[7.11487]
[7.071593]
[7.03548]
[7.014138]
[6.985797]
[6.9496226]
[6.906545]
[6.8713703]
[6.83005]
[6.7894015]
[6.756687]
[6.7188873]
[6.6884766]
[6.6531296]
[6.624915]
[6.5922904]
[6.5613675]
[6.537392]
[6.514823]
[6.489171]
[6.4695144]
[6.4479322]
[6.428621]
[6.4117203]
[6.3996763]
[6.38722]
[6.378927]
[6.370836]
[6.365734]
[6.361082]
[5.8372736]
[5.8536763]
[5.858148]
[5.865103]
[5.8729224]
[5.882565]
[5.8941073]
[5.906846]
[5.919898]
[5.9305925]
[5.94185]
[5.9534698]
[5.9625053]
[5.972775]
[5.982543]
[5.991989]
[5.9996943]
[6.009208]
[6.0190816]
[6.029439]
[6.038386]
[6.0498223]
[6.0617537]
[6.0718684]
[6.0843873]
[6.0948834]
[6.1076865]
[6.120478]
[6.1321297]
[6.1426196]
[6.1554823]
[6.1684747]
[6.179311]
[6.1927714]
[6.2065706]
[6.2182293]
[6.2326183]
[6.2447734]
[6.2598033]
[6.2750974]
[6.2878656]
[6.303534]
[6.319453]
[6.3326836]
[6.3489223]
[6.3653936]
[6.379128]
[6.390084]
[6.407208]
[6.4245896]
[6.4391]
[6.453929]
[6.4726014]
[6.4922523]
[6.5089135]
[6.5292077]
[6.5495057]
[6.5659986]
[6.5854845]
[6.6044803]
[6.620368]
[6.6365204]
[6.6564097]
[6.673125]
[6.693467]
[6.710583]
[6.7278295]
[6.748942]
[6.76671]
[6.7882295]
[6.810137]
[6.828518]
[6.846886]
[6.8692265]
[6.888313]
[6.908385]
[6.9279847]
[6.941334]
[6.9524055]
[6.961182]
[6.9718037]
[6.9818177]
[6.9892254]
[6.996125]
[7.0000935]
[7.000581]
[6.9976125]
[6.991235]
[6.983949]
[6.9731746]
[6.960645]
[6.9466147]
[6.933526]
[6.915973]
[6.896145]
[6.8740993]
[6.85378]
[6.8269477]
[6.797463]
[6.766201]
[6.7393956]
[6.706491]
[6.6727076]
[6.638289]
[6.609225]
[6.5733004]
[6.5365634]
[6.499039]
[6.4675713]
[6.428763]
[6.389202]
[6.3563385]
[6.315992]
[6.27531]
[6.2418156]
[6.201025]
[6.1675296]
[6.126896]
[6.0865645]
[6.0466466]
[6.014251]
[5.9754076]
[5.937233]
[5.900263]
[5.8705826]
[5.8353086]
[5.8014135]
[5.774836]
[5.7433386]
[5.713608]
[5.690713]
[5.6643705]
[5.639805]
[5.6208687]
[5.6007442]
[5.583316]
[5.562695]
[5.5429783]
[5.527095]
[5.507743]
[5.4921765]
[5.473187]
[5.4544315]
[5.4391356]
[5.4203224]
[5.4017873]
[5.3866186]
[5.3680277]
[5.3496847]
[5.3347406]
[5.3164105]
[5.29835]
[5.28367]
[5.2657022]
[5.2511554]
[5.2334514]
[5.216046]
[5.201936]
[5.186272]
[5.1722965]
[5.156837]
[5.1401467]
[5.1237416]
[5.110497]
[5.0944057]
[5.07862]
[5.0659094]
[5.0504546]
[5.038036]
[5.023027]
[5.0109825]
[4.997684]
[4.983737]
[4.972516]
[4.95869]
[4.945699]
[4.9352255]
[4.923553]
[4.910859]
[4.901334]
[4.8896937]
[4.8800344]
[4.869023]
[4.8579526]
[4.849448]
[4.838968]
[4.830732]
[4.820733]
[4.811179]
[4.804045]
[4.795107]
[4.7883186]
[4.779807]
[4.7732387]
[4.7660365]
[4.7599344]
[4.7528043]
[4.746605]
[4.741166]
[4.7348475]
[4.7291784]
[4.7251787]
[4.7199645]
[4.7148805]
[4.711225]
[4.7071247]
[4.704311]
[4.7005754]
[4.69778]
[4.6947284]
[3.3756108]
[3.3896377]
[3.3862815]
[3.3838198]
[3.388475]
[3.3940115]
[3.4000978]
[3.4062686]
[3.411117]
[3.4162066]
[3.4208038]
[3.4241333]
[3.428119]
[3.4319139]
[3.43706]
[3.442853]
[3.4481385]
[3.4549174]
[3.4609914]
[3.4687474]
[3.4756453]
[3.484403]
[3.4937613]
[3.5021212]
[3.5130146]
[3.5245636]
[3.534475]
[3.546426]
[3.5584116]
[3.5683792]
[3.5780995]
[3.5891578]
[3.6016836]
[3.6124425]
[3.6257195]
[3.6394536]
[3.6511767]
[3.6656573]
[3.6780372]
[3.6932118]
[3.7088048]
[3.7220426]
[3.7383425]
[3.7549875]
[3.7690783]
[3.786663]
[3.801169]
[3.8173268]
[3.8297374]
[3.8418446]
[3.8514707]
[3.8604593]
[3.867285]
[3.8744292]
[3.8793292]
[3.8832197]
[3.885873]
[3.8873336]
[3.8876412]
[3.8868103]
[3.8850715]
[3.8814924]
[3.876171]
[3.8688986]
[3.8613622]
[3.8503327]
[3.8397539]
[3.8253078]
[3.8093226]
[3.7950423]
[3.7799935]
[3.7641737]
[3.744463]
[3.7242424]
[3.7035248]
[3.6821744]
[3.663919]
[3.6434882]
[3.6202679]
[3.6004832]
[3.5760987]
[3.5552611]
[3.5296886]
[3.5035048]
[3.4767814]
[3.4495087]
[3.4263618]
[3.3983414]
[3.3722858]
[3.3432481]
[3.3189049]
[3.2923312]
[3.263231]
[3.2341106]
[3.2097867]
[3.1807225]
[3.1517577]
[3.1277049]
[3.0999918]
[3.0726187]
[3.0500846]
[3.0263383]
[3.0014944]
[2.981257]
[2.9584208]
[2.9381514]
[2.9203913]
[2.9002397]
[2.8806067]
[2.8644845]
[2.8460398]
[2.8279839]
[2.8129303]
[2.7956333]
[2.7785952]
[2.7618659]
[2.747853]
[2.7318447]
[2.7161036]
[2.7029638]
[2.6879933]
[2.6733155]
[2.6590116]
[2.6471004]
[2.6337235]
[2.6207368]
[2.6082177]
[2.5961666]
[2.5846543]
[2.5721657]
[2.5617285]
[2.550646]
[2.5415053]
[2.5331442]
[2.5244665]
[2.5166495]
[2.510517]
[2.504818]
[2.4997425]
[2.496127]
[2.4930327]
[6.2550635]
[7.7589016]
[7.8682485]
[7.792713]
[7.8118076]
[7.82605]
[7.84336]
[7.8641844]
[7.883854]
[7.8975706]
[7.9102893]
[7.919573]
[7.924262]
[7.923677]
[7.9164214]
[7.9027905]
[7.892937]
[7.883866]
[7.8770328]
[7.8710594]
[7.864724]
Variable containing:
 0.9821
[torch.FloatTensor of size 1]

[7.82605]
[7.84336]
[7.8641844]
[7.883854]
[7.8975706]
[7.9102893]
[7.919573]
[7.924262]
[7.923677]
[7.9164214]
[7.9027905]
[7.892937]
[7.883866]
[7.8770328]
[7.8710594]
[7.864724]
[7.859825]
[7.855555]
[7.8510094]
[7.84748]
[7.844368]
[7.8410583]
[7.838058]
[7.835853]
[7.834245]
[7.832011]
[7.830066]
[7.82834]
[7.827354]
[7.8261123]
[7.8249826]
[7.8247256]
[7.8242683]
[7.824294]
[7.8241024]
[7.8245506]
[7.824973]
[7.82584]
[7.826752]
[7.8281384]
[7.829474]
[7.831185]
[7.8329005]
[7.835286]
[7.8379445]
[7.841176]
[7.843828]
[7.846959]
[7.850178]
[7.85301]
[7.855947]
[7.8596163]
[7.862863]
[7.866906]
[7.871261]
[7.8759265]
[7.8800926]
[7.885263]
[7.890782]
[7.8956766]
[7.9016986]
[7.9083586]
[7.914007]
[7.920021]
[7.926297]
[7.9338093]
[7.9358106]
[7.9311967]
[7.9232225]
[7.914514]
[7.9053397]
[7.896998]
[7.885996]
[7.8722377]
[7.855493]
[7.8359056]
[7.813615]
[7.7928877]
[7.7705956]
[7.7424364]
[7.7171054]
[7.688743]
[7.6557837]
[7.6268587]
[7.591197]
[7.5533824]
[7.5138054]
[7.4797053]
[7.4380555]
[7.3954597]
[7.359704]
[7.317147]
[7.2739053]
[7.2305484]
[7.1943827]
[7.151227]
[7.11487]
[7.071593]
[7.03548]
[7.014138]
[6.985797]
[6.9496226]
[6.906545]
[6.8713703]
[6.83005]
[6.7894015]
[6.756687]
[6.7188873]
[6.6884766]
[6.6531296]
[6.624915]
[6.5922904]
[6.5613675]
[6.537392]
[6.514823]
[6.489171]
[6.4695144]
[6.4479322]
[6.428621]
[6.4117203]
[6.3996763]
[6.38722]
[6.378927]
[6.370836]
[6.365734]
[6.361082]
[5.8372736]
[5.8536763]
[5.858148]
[5.865103]
[5.8729224]
[5.882565]
[5.8941073]
[5.906846]
[5.919898]
[5.9305925]
[5.94185]
[5.9534698]
[5.9625053]
[5.972775]
[5.982543]
[5.991989]
[5.9996943]
[6.009208]
[6.0190816]
[6.029439]
[6.038386]
[6.0498223]
[6.0617537]
[6.0718684]
[6.0843873]
[6.0948834]
[6.1076865]
[6.120478]
[6.1321297]
[6.1426196]
[6.1554823]
[6.1684747]
[6.179311]
[6.1927714]
[6.2065706]
[6.2182293]
[6.2326183]
[6.2447734]
[6.2598033]
[6.2750974]
[6.2878656]
[6.303534]
[6.319453]
[6.3326836]
[6.3489223]
[6.3653936]
[6.379128]
[6.390084]
[6.407208]
[6.4245896]
[6.4391]
[6.453929]
[6.4726014]
[6.4922523]
[6.5089135]
[6.5292077]
[6.5495057]
[6.5659986]
[6.5854845]
[6.6044803]
[6.620368]
[6.6365204]
[6.6564097]
[6.673125]
[6.693467]
[6.710583]
[6.7278295]
[6.748942]
[6.76671]
[6.7882295]
[6.810137]
[6.828518]
[6.846886]
[6.8692265]
[6.888313]
[6.908385]
[6.9279847]
[6.941334]
[6.9524055]
[6.961182]
[6.9718037]
[6.9818177]
[6.9892254]
[6.996125]
[7.0000935]
[7.000581]
[6.9976125]
[6.991235]
[6.983949]
[6.9731746]
[6.960645]
[6.9466147]
[6.933526]
[6.915973]
[6.896145]
[6.8740993]
[6.85378]
[6.8269477]
[6.797463]
[6.766201]
[6.7393956]
[6.706491]
[6.6727076]
[6.638289]
[6.609225]
[6.5733004]
[6.5365634]
[6.499039]
[6.4675713]
[6.428763]
[6.389202]
[6.3563385]
[6.315992]
[6.27531]
[6.2418156]
[6.201025]
[6.1675296]
[6.126896]
[6.0865645]
[6.0466466]
[6.014251]
[5.9754076]
[5.937233]
[5.900263]
[5.8705826]
[5.8353086]
[5.8014135]
[5.774836]
[5.7433386]
[5.713608]
[5.690713]
[5.6643705]
[5.639805]
[5.6208687]
[5.6007442]
[5.583316]
[5.562695]
[5.5429783]
[5.527095]
[5.507743]
[5.4921765]
[5.473187]
[5.4544315]
[5.4391356]
[5.4203224]
[5.4017873]
[5.3866186]
[5.3680277]
[5.3496847]
[5.3347406]
[5.3164105]
[5.29835]
[5.28367]
[5.2657022]
[5.2511554]
[5.2334514]
[5.216046]
[5.201936]
[5.186272]
[5.1722965]
[5.156837]
[5.1401467]
[5.1237416]
[5.110497]
[5.0944057]
[5.07862]
[5.0659094]
[5.0504546]
[5.038036]
[5.023027]
[5.0109825]
[4.997684]
[4.983737]
[4.972516]
[4.95869]
[4.945699]
[4.9352255]
[4.923553]
[4.910859]
[4.901334]
[4.8896937]
[4.8800344]
[4.869023]
[4.8579526]
[4.849448]
[4.838968]
[4.830732]
[4.820733]
[4.811179]
[4.804045]
[4.795107]
[4.7883186]
[4.779807]
[4.7732387]
[4.7660365]
[4.7599344]
[4.7528043]
[4.746605]
[4.741166]
[4.7348475]
[4.7291784]
[4.7251787]
[4.7199645]
[4.7148805]
[4.711225]
[4.7071247]
[4.704311]
[4.7005754]
[4.69778]
[4.6947284]
[3.3756108]
[3.3896377]
[3.3862815]
[3.3838198]
[3.388475]
[3.3940115]
[3.4000978]
[3.4062686]
[3.411117]
[3.4162066]
[3.4208038]
[3.4241333]
[3.428119]
[3.4319139]
[3.43706]
[3.442853]
[3.4481385]
[3.4549174]
[3.4609914]
[3.4687474]
[3.4756453]
[3.484403]
[3.4937613]
[3.5021212]
[3.5130146]
[3.5245636]
[3.534475]
[3.546426]
[3.5584116]
[3.5683792]
[3.5780995]
[3.5891578]
[3.6016836]
[3.6124425]
[3.6257195]
[3.6394536]
[3.6511767]
[3.6656573]
[3.6780372]
[3.6932118]
[3.7088048]
[3.7220426]
[3.7383425]
[3.7549875]
[3.7690783]
[3.786663]
[3.801169]
[3.8173268]
[3.8297374]
[3.8418446]
[3.8514707]
[3.8604593]
[3.867285]
[3.8744292]
[3.8793292]
[3.8832197]
[3.885873]
[3.8873336]
[3.8876412]
[3.8868103]
[3.8850715]
[3.8814924]
[3.876171]
[3.8688986]
[3.8613622]
[3.8503327]
[3.8397539]
[3.8253078]
[3.8093226]
[3.7950423]
[3.7799935]
[3.7641737]
[3.744463]
[3.7242424]
[3.7035248]
[3.6821744]
[3.663919]
[3.6434882]
[3.6202679]
[3.6004832]
[3.5760987]
[3.5552611]
[3.5296886]
[3.5035048]
[3.4767814]
[3.4495087]
[3.4263618]
[3.3983414]
[3.3722858]
[3.3432481]
[3.3189049]
[3.2923312]
[3.263231]
[3.2341106]
[3.2097867]
[3.1807225]
[3.1517577]
[3.1277049]
[3.0999918]
[3.0726187]
[3.0500846]
[3.0263383]
[3.0014944]
[2.981257]
[2.9584208]
[2.9381514]
[2.9203913]
[2.9002397]
[2.8806067]
[2.8644845]
[2.8460398]
[2.8279839]
[2.8129303]
[2.7956333]
[2.7785952]
[2.7618659]
[2.747853]
[2.7318447]
[2.7161036]
[2.7029638]
[2.6879933]
[2.6733155]
[2.6590116]
[2.6471004]
[2.6337235]
[2.6207368]
[2.6082177]
[2.5961666]
[2.5846543]
[2.5721657]
[2.5617285]
[2.550646]
[2.5415053]
[2.5331442]
[2.5244665]
[2.5166495]
[2.510517]
[2.504818]
[2.4997425]
[2.496127]
[2.4930327]
[6.2550635]
[7.7589016]
[7.8682485]
[7.792713]
[7.8118076]
[7.82605]
[7.84336]
[7.8641844]
[7.883854]
[7.8975706]
[7.9102893]
[7.919573]
[7.924262]
[7.923677]
[7.9164214]
[7.9027905]
[7.892937]
[7.839345]
[7.8559694]
[7.876195]
[7.896493]
[7.910406]
[7.9218416]
[7.9304285]
[7.934726]
[7.933421]
[7.925463]
[7.910906]
[7.8992796]
[7.8902473]
[7.8838687]
[7.8782916]
[7.8724246]
[7.867512]
[7.8634534]
[7.859239]
[7.8557005]
[7.852744]
[7.849666]
[7.846689]
[7.844498]
[7.843044]
[7.841056]
[7.8390727]
[7.8373394]
[7.8363976]
[7.8353295]
[7.8342423]
[7.8339286]
[7.833651]
[7.833705]
[7.833582]
[7.8340077]
[7.834506]
[7.8354015]
[7.8363657]
[7.8377614]
[7.8391623]
[7.8408713]
[7.842615]
[7.8449693]
[7.847682]
[7.8509507]
[7.853714]
[7.8567357]
[7.859917]
[7.8627987]
[7.8656263]
[7.8691754]
[7.872533]
[7.876471]
[7.880822]
[7.885534]
[7.8897386]
[7.894719]
[7.900241]
[7.905259]
[7.91104]
[7.9176702]
[7.92351]
[7.9292965]
[7.9354095]
[7.9428043]
[7.9453487]
[7.940521]
[7.9313207]
[7.921655]
[7.9122133]
[7.9037676]
[7.893145]
[7.879383]
[7.8622885]
[7.84233]
[7.8196383]
[7.798244]
[7.7761955]
[7.7484665]
[7.721926]
[7.6937604]
[7.6609917]
[7.6307807]
[7.5958176]
[7.5574017]
[7.5167327]
[7.4819546]
[7.4414945]
[7.398065]
[7.361026]
[7.3200393]
[7.2761574]
[7.231723]
[7.19543]
[7.153901]
[7.1168227]
[7.0741277]
[7.0372777]
[7.016947]
[6.993219]
[6.957099]
[6.9107385]
[6.8727026]
[6.831943]
[6.7903943]
[6.7569003]
[6.72074]
[6.6900086]
[6.655281]
[6.626697]
[6.594586]
[6.562993]
[6.5387316]
[6.5179653]
[6.4929843]
[6.4725747]
[6.451609]
[6.432232]
[6.4153767]
[6.4043007]
[6.3931937]
[6.385534]
[6.378384]
[6.3740063]
[6.3701563]
[5.793106]
[5.687064]
[5.767393]
[5.844427]
[5.8561225]
[5.869349]
[5.8831115]
[5.897924]
[5.912767]
[5.924507]
[5.9361687]
[5.9486046]
[5.958352]
[5.9688487]
[5.979328]
[5.9894814]
[5.997494]
[6.0073028]
[6.018172]
[6.0296364]
[6.039317]
[6.0513988]
[6.064676]
[6.07582]
[6.088897]
[6.1003585]
[6.113873]
[6.1278167]
[6.1403985]
[6.1511116]
[6.164378]
[6.1785846]
[6.1902175]
[6.2039814]
[6.2189455]
[6.231493]
[6.24621]
[6.259257]
[6.274897]
[6.2913756]
[6.3049946]
[6.320823]
[6.337842]
[6.3518643]
[6.3681636]
[6.3856826]
[6.400174]
[6.4105635]
[6.4274106]
[6.44662]
[6.4622846]
[6.4767733]
[6.4958296]
[6.517097]
[6.534756]
[6.554989]
[6.576254]
[6.593309]
[6.612194]
[6.631702]
[6.6478777]
[6.6632733]
[6.683177]
[6.700915]
[6.721243]
[6.7388487]
[6.7558193]
[6.776768]
[6.795489]
[6.8168488]
[6.8393245]
[6.858172]
[6.8756013]
[6.897541]
[6.9174604]
[6.9371505]
[6.956419]
[6.969467]
[6.9786496]
[6.9857874]
[6.9954433]
[7.00548]
[7.0128303]
[7.018891]
[7.0222454]
[7.0217834]
[7.0173974]
[7.009548]
[7.000861]
[6.9892683]
[6.975649]
[6.960614]
[6.9468966]
[6.9292145]
[6.9082365]
[6.8848147]
[6.8635507]
[6.836479]
[6.8051953]
[6.77194]
[6.7441554]
[6.711551]
[6.6762514]
[6.640162]
[6.6105423]
[6.5749936]
[6.5363145]
[6.4966516]
[6.464329]
[6.425584]
[6.383548]
[6.3486767]
[6.3081546]
[6.264614]
[6.2289186]
[6.1876984]
[6.1518826]
[6.109627]
[6.065921]
[6.0225687]
[5.9885707]
[5.9486585]
[5.906866]
[5.86632]
[5.834959]
[5.7983108]
[5.7607837]
[5.7317376]
[5.698826]
[5.6656756]
[5.640554]
[5.6129947]
[5.5856123]
[5.5647964]
[5.54376]
[5.524676]
[5.501774]
[5.478999]
[5.4610133]
[5.439812]
[5.4218383]
[5.400463]
[5.3785367]
[5.3607936]
[5.3397584]
[5.3178935]
[5.300177]
[5.279227]
[5.257454]
[5.239883]
[5.219088]
[5.19752]
[5.180151]
[5.159632]
[5.142243]
[5.1216197]
[5.10065]
[5.0837927]
[5.065836]
[5.049249]
[5.030963]
[5.010789]
[4.9907217]
[4.974864]
[4.956074]
[4.9367642]
[4.9213333]
[4.9031854]
[4.8879704]
[4.8700347]
[4.8552384]
[4.8393674]
[4.82234]
[4.8084874]
[4.791957]
[4.775789]
[4.762956]
[4.749126]
[4.733463]
[4.721534]
[4.707618]
[4.695611]
[4.6821566]
[4.6683517]
[4.6577606]
[4.6451635]
[4.634843]
[4.6226172]
[4.6105895]
[4.601706]
[4.5909767]
[4.5824323]
[4.572004]
[4.5636992]
[4.554884]
[4.547306]
[4.538496]
[4.5306473]
[4.5239253]
[4.5161715]
[4.508972]
[4.5040317]
[4.4977803]
[4.491308]
[4.4866753]
[4.481751]
[4.4782696]
[4.473733]
[4.4701695]
[4.46641]
[2.7934253]
[2.6178434]
[2.6988072]
[2.7517126]
[2.758192]
[2.7657623]
[2.7738876]
[2.7820497]
[2.788412]
[2.7949853]
[2.8009925]
[2.8053107]
[2.8104331]
[2.815431]
[2.8222172]
[2.829947]
[2.8369832]
[2.845895]
[2.8539848]
[2.864199]
[2.8733885]
[2.8849254]
[2.897395]
[2.9085095]
[2.9228365]
[2.9382672]
[2.9514656]
[2.9671469]
[2.983103]
[2.9963207]
[3.0089874]
[3.0235336]
[3.0402298]
[3.0546231]
[3.0721126]
[3.090471]
[3.1061049]
[3.1251462]
[3.1417162]
[3.161757]
[3.182621]
[3.200295]
[3.2217312]
[3.2440195]
[3.2628376]
[3.2859607]
[3.3054254]
[3.326704]
[3.3431833]
[3.3589225]
[3.371485]
[3.3831255]
[3.3919852]
[3.4012012]
[3.4076173]
[3.412539]
[3.415842]
[3.4175882]
[3.4178042]
[3.4165192]
[3.4140365]
[3.4091322]
[3.401835]
[3.3919227]
[3.3816566]
[3.36691]
[3.3525226]
[3.3332615]
[3.3116946]
[3.2924788]
[3.2726548]
[3.2516928]
[3.2254593]
[3.198268]
[3.17064]
[3.142315]
[3.1181126]
[3.09135]
[3.0605402]
[3.034091]
[3.0020652]
[2.9743004]
[2.9406927]
[2.905885]
[2.8704958]
[2.8345745]
[2.8041744]
[2.76771]
[2.7333424]
[2.695361]
[2.6634877]
[2.6291435]
[2.591235]
[2.5532053]
[2.521765]
[2.4845421]
[2.4470274]
[2.4161525]
[2.3809803]
[2.34591]
[2.3173084]
[2.2875378]
[2.256119]
[2.2306378]
[2.2021706]
[2.1767855]
[2.1548164]
[2.1298757]
[2.105394]
[2.0855582]
[2.0629704]
[2.040676]
[2.022314]
[2.001287]
[1.980423]
[1.960066]
[1.9432601]
[1.9240265]
[1.9049932]
[1.8893291]
[1.8715123]
[1.853933]
[1.8369142]
[1.822974]
[1.8072559]
[1.7919083]
[1.7772107]
[1.7631671]
[1.7497965]
[1.7352284]
[1.7231807]
[1.7104288]
[1.7000053]
[1.6905502]
[1.6806465]
[1.6717216]
[1.6648784]
[1.6585444]
[1.6528603]
[1.6488985]
[1.6455344]
[7.7962594]
[8.667221]
[8.25937]
[7.803598]
[7.823867]
[7.839345]
[7.8559694]
[7.876195]
[7.896493]
[7.910406]
[7.9218416]
[7.9304285]
[7.934726]
[7.933421]
[7.925463]
[7.910906]
[7.8992796]
[7.8902473]
[7.8838687]
[7.8782916]
[7.8724246]
[7.867512]
[7.8634534]
[7.859239]
[7.8557005]
[7.852744]
[7.839345]
[7.8559694]
[7.876195]
[7.896493]
[7.910406]
[7.9218416]
[7.9304285]
[7.934726]
[7.933421]
[7.925463]
[7.910906]
[7.8992796]
[7.8902473]
[7.8838687]
[7.8782916]
[7.8724246]
[7.867512]
[7.8634534]
[7.859239]
[7.8557005]
[7.852744]
[7.849666]
[7.846689]
[7.844498]
[7.843044]
[7.841056]
[7.8390727]
[7.8373394]
[7.8363976]
[7.8353295]
[7.8342423]
[7.8339286]
[7.833651]
[7.833705]
[7.833582]
[7.8340077]
[7.834506]
[7.8354015]
[7.8363657]
[7.8377614]
[7.8391623]
[7.8408713]
[7.842615]
[7.8449693]
[7.847682]
[7.8509507]
[7.853714]
[7.8567357]
[7.859917]
[7.8627987]
[7.8656263]
[7.8691754]
[7.872533]
[7.876471]
[7.880822]
[7.885534]
[7.8897386]
[7.894719]
[7.900241]
[7.905259]
[7.91104]
[7.9176702]
[7.92351]
[7.9292965]
[7.9354095]
[7.9428043]
[7.9453487]
[7.940521]
[7.9313207]
[7.921655]
[7.9122133]
[7.9037676]
[7.893145]
[7.879383]
[7.8622885]
[7.84233]
[7.8196383]
[7.798244]
[7.7761955]
[7.7484665]
[7.721926]
[7.6937604]
[7.6609917]
[7.6307807]
[7.5958176]
[7.5574017]
[7.5167327]
[7.4819546]
[7.4414945]
[7.398065]
[7.361026]
[7.3200393]
[7.2761574]
[7.231723]
[7.19543]
[7.153901]
[7.1168227]
[7.0741277]
[7.0372777]
[7.016947]
[6.993219]
[6.957099]
[6.9107385]
[6.8727026]
[6.831943]
[6.7903943]
[6.7569003]
[6.72074]
[6.6900086]
[6.655281]
[6.626697]
[6.594586]
[6.562993]
[6.5387316]
[6.5179653]
[6.4929843]
[6.4725747]
[6.451609]
[6.432232]
[6.4153767]
[6.4043007]
[6.3931937]
[6.385534]
[6.378384]
[6.3740063]
[6.3701563]
[5.793106]
[5.687064]
[5.767393]
[5.844427]
[5.8561225]
[5.869349]
[5.8831115]
[5.897924]
[5.912767]
[5.924507]
[5.9361687]
[5.9486046]
[5.958352]
[5.9688487]
[5.979328]
[5.9894814]
[5.997494]
[6.0073028]
[6.018172]
[6.0296364]
[6.039317]
[6.0513988]
[6.064676]
[6.07582]
[6.088897]
[6.1003585]
[6.113873]
[6.1278167]
[6.1403985]
[6.1511116]
[6.164378]
[6.1785846]
[6.1902175]
[6.2039814]
[6.2189455]
[6.231493]
[6.24621]
[6.259257]
[6.274897]
[6.2913756]
[6.3049946]
[6.320823]
[6.337842]
[6.3518643]
[6.3681636]
[6.3856826]
[6.400174]
[6.4105635]
[6.4274106]
[6.44662]
[6.4622846]
[6.4767733]
[6.4958296]
[6.517097]
[6.534756]
[6.554989]
[6.576254]
[6.593309]
[6.612194]
[6.631702]
[6.6478777]
[6.6632733]
[6.683177]
[6.700915]
[6.721243]
[6.7388487]
[6.7558193]
[6.776768]
[6.795489]
[6.8168488]
[6.8393245]
[6.858172]
[6.8756013]
[6.897541]
[6.9174604]
[6.9371505]
[6.956419]
[6.969467]
[6.9786496]
[6.9857874]
[6.9954433]
[7.00548]
[7.0128303]
[7.018891]
[7.0222454]
[7.0217834]
[7.0173974]
[7.009548]
[7.000861]
[6.9892683]
[6.975649]
[6.960614]
[6.9468966]
[6.9292145]
[6.9082365]
[6.8848147]
[6.8635507]
[6.836479]
[6.8051953]
[6.77194]
[6.7441554]
[6.711551]
[6.6762514]
[6.640162]
[6.6105423]
[6.5749936]
[6.5363145]
[6.4966516]
[6.464329]
[6.425584]
[6.383548]
[6.3486767]
[6.3081546]
[6.264614]
[6.2289186]
[6.1876984]
[6.1518826]
[6.109627]
[6.065921]
[6.0225687]
[5.9885707]
[5.9486585]
[5.906866]
[5.86632]
[5.834959]
[5.7983108]
[5.7607837]
[5.7317376]
[5.698826]
[5.6656756]
[5.640554]
[5.6129947]
[5.5856123]
[5.5647964]
[5.54376]
[5.524676]
[5.501774]
[5.478999]
[5.4610133]
[5.439812]
[5.4218383]
[5.400463]
[5.3785367]
[5.3607936]
[5.3397584]
[5.3178935]
[5.300177]
[5.279227]
[5.257454]
[5.239883]
[5.219088]
[5.19752]
[5.180151]
[5.159632]
[5.142243]
[5.1216197]
[5.10065]
[5.0837927]
[5.065836]
[5.049249]
[5.030963]
[5.010789]
[4.9907217]
[4.974864]
[4.956074]
[4.9367642]
[4.9213333]
[4.9031854]
[4.8879704]
[4.8700347]
[4.8552384]
[4.8393674]
[4.82234]
[4.8084874]
[4.791957]
[4.775789]
[4.762956]
[4.749126]
[4.733463]
[4.721534]
[4.707618]
[4.695611]
[4.6821566]
[4.6683517]
[4.6577606]
[4.6451635]
[4.634843]
[4.6226172]
[4.6105895]
[4.601706]
[4.5909767]
[4.5824323]
[4.572004]
[4.5636992]
[4.554884]
[4.547306]
[4.538496]
[4.5306473]
[4.5239253]
[4.5161715]
[4.508972]
[4.5040317]
[4.4977803]
[4.491308]
[4.4866753]
[4.481751]
[4.4782696]
[4.473733]
[4.4701695]
[4.46641]
[2.7934253]
[2.6178434]
[2.6988072]
[2.7517126]
[2.758192]
[2.7657623]
[2.7738876]
[2.7820497]
[2.788412]
[2.7949853]
[2.8009925]
[2.8053107]
[2.8104331]
[2.815431]
[2.8222172]
[2.829947]
[2.8369832]
[2.845895]
[2.8539848]
[2.864199]
[2.8733885]
[2.8849254]
[2.897395]
[2.9085095]
[2.9228365]
[2.9382672]
[2.9514656]
[2.9671469]
[2.983103]
[2.9963207]
[3.0089874]
[3.0235336]
[3.0402298]
[3.0546231]
[3.0721126]
[3.090471]
[3.1061049]
[3.1251462]
[3.1417162]
[3.161757]
[3.182621]
[3.200295]
[3.2217312]
[3.2440195]
[3.2628376]
[3.2859607]
[3.3054254]
[3.326704]
[3.3431833]
[3.3589225]
[3.371485]
[3.3831255]
[3.3919852]
[3.4012012]
[3.4076173]
[3.412539]
[3.415842]
[3.4175882]
[3.4178042]
[3.4165192]
[3.4140365]
[3.4091322]
[3.401835]
[3.3919227]
[3.3816566]
[3.36691]
[3.3525226]
[3.3332615]
[3.3116946]
[3.2924788]
[3.2726548]
[3.2516928]
[3.2254593]
[3.198268]
[3.17064]
[3.142315]
[3.1181126]
[3.09135]
[3.0605402]
[3.034091]
[3.0020652]
[2.9743004]
[2.9406927]
[2.905885]
[2.8704958]
[2.8345745]
[2.8041744]
[2.76771]
[2.7333424]
[2.695361]
[2.6634877]
[2.6291435]
[2.591235]
[2.5532053]
[2.521765]
[2.4845421]
[2.4470274]
[2.4161525]
[2.3809803]
[2.34591]
[2.3173084]
[2.2875378]
[2.256119]
[2.2306378]
[2.2021706]
[2.1767855]
[2.1548164]
[2.1298757]
[2.105394]
[2.0855582]
[2.0629704]
[2.040676]
[2.022314]
[2.001287]
[1.980423]
[1.960066]
[1.9432601]
[1.9240265]
[1.9049932]
[1.8893291]
[1.8715123]
[1.853933]
[1.8369142]
[1.822974]
[1.8072559]
[1.7919083]
[1.7772107]
[1.7631671]
[1.7497965]
[1.7352284]
[1.7231807]
[1.7104288]
[1.7000053]
[1.6905502]
[1.6806465]
[1.6717216]
[1.6648784]
[1.6585444]
[1.6528603]
[1.6488985]
[1.6455344]
[7.7962594]
[8.667221]
[8.25937]
[7.803598]
[7.823867]
[7.839345]
[7.8559694]
[7.876195]
[7.896493]
[7.910406]
[7.9218416]
[7.9304285]
[7.934726]
[7.933421]
[7.925463]
[7.910906]
[7.8992796]
[7.8902473]
[7.8838687]
[7.8782916]
[7.8724246]
[7.867512]
[7.8634534]
[7.859239]
[7.8557005]
[7.852744]
[7.849666]
[7.846689]
[7.844498]
[7.843044]
[7.841056]
[7.8390727]
[7.8373394]
[7.8363976]
[7.8232365]
[7.841836]
[7.861999]
[7.880374]
[7.893262]
[7.9068885]
[7.9156604]
[7.920398]
[7.9200916]
[7.9131675]
[7.9003115]
[7.8925066]
[7.882779]
[7.87627]
[7.870018]
[7.863556]
[7.859028]
[7.8545823]
[7.849948]
[7.8466887]
[7.8434544]
[7.8400874]
[7.8372293]
[7.835101]
[7.8334365]
[7.83102]
[7.829297]
[7.8275547]
[7.8266506]
[7.8252287]
[7.824201]
[7.82405]
[7.8233733]
[7.823532]
[7.8231955]
[7.82379]
[7.8240523]
[7.8249893]
[7.8257923]
[7.8272233]
[7.8284225]
[7.83018]
[7.8317795]
[7.8342314]
[7.8367357]
[7.8399487]
[7.842341]
[7.845629]
[7.8486867]
[7.851403]
[7.854393]
[7.858079]
[7.861047]
[7.865242]
[7.869382]
[7.8739524]
[7.8779073]
[7.883246]
[7.888487]
[7.8931427]
[7.899363]
[7.905734]
[7.9110107]
[7.9172025]
[7.923306]
[7.9308033]
[7.9317408]
[7.9275417]
[7.920649]
[7.9126663]
[7.903721]
[7.895736]
[7.884335]
[7.8709955]
[7.8546367]
[7.8355365]
[7.8137364]
[7.794082]
[7.7714295]
[7.7430553]
[7.7197475]
[7.690404]
[7.657735]
[7.630711]
[7.5930676]
[7.556738]
[7.5172653]
[7.484673]
[7.4402685]
[7.399411]
[7.3649163]
[7.319138]
[7.2774196]
[7.233518]
[7.198754]
[7.151769]
[7.1187606]
[7.07107]
[7.038454]
[7.0185504]
[6.984892]
[6.9487543]
[6.9042344]
[6.8717856]
[6.82531]
[6.7862134]
[6.754466]
[6.7123117]
[6.6857023]
[6.6454515]
[6.6211066]
[6.583783]
[6.554684]
[6.531669]
[6.5076237]
[6.48076]
[6.4638715]
[6.4391346]
[6.421606]
[6.4044104]
[6.39381]
[6.3800654]
[6.3741455]
[6.364874]
[6.3615246]
[6.356257]
[5.596279]
[5.9610653]
[5.7465615]
[5.8480816]
[5.853699]
[5.8665414]
[5.8798842]
[5.893882]
[5.9079165]
[5.918191]
[5.931028]
[5.9428296]
[5.95105]
[5.963169]
[5.972329]
[5.9824185]
[5.9895926]
[6.000798]
[6.0104637]
[6.021733]
[6.0302896]
[6.0438366]
[6.0555468]
[6.0654945]
[6.080157]
[6.0890865]
[6.1043673]
[6.1165805]
[6.1284733]
[6.138999]
[6.1534147]
[6.166003]
[6.1765084]
[6.1920676]
[6.205305]
[6.2166357]
[6.2331595]
[6.2434993]
[6.261158]
[6.2757397]
[6.288051]
[6.3059254]
[6.321068]
[6.333761]
[6.352229]
[6.367844]
[6.381037]
[6.391654]
[6.411831]
[6.42758]
[6.441962]
[6.457795]
[6.4777083]
[6.497054]
[6.5129843]
[6.5357256]
[6.55486]
[6.570521]
[6.5921807]
[6.609869]
[6.6252255]
[6.642244]
[6.6631536]
[6.677954]
[6.700915]
[6.7156887]
[6.734286]
[6.756391]
[6.7721815]
[6.796269]
[6.8170686]
[6.8346586]
[6.8539276]
[6.8772216]
[6.894372]
[6.915929]
[6.9348326]
[6.946524]
[6.958375]
[6.9664907]
[6.978071]
[6.987309]
[6.9942875]
[7.001622]
[7.004676]
[7.004847]
[7.001483]
[6.9946647]
[6.987633]
[6.9757423]
[6.9633837]
[6.9489236]
[6.9362073]
[6.9168024]
[6.897218]
[6.874362]
[6.8546295]
[6.824762]
[6.79569]
[6.7632766]
[6.7375774]
[6.7007146]
[6.6678576]
[6.631933]
[6.6041255]
[6.5634794]
[6.527835]
[6.488299]
[6.4583635]
[6.4139986]
[6.375604]
[6.3435082]
[6.2970586]
[6.2577195]
[6.224983]
[6.1777163]
[6.1491566]
[6.1005936]
[6.061727]
[6.01878]
[5.98831]
[5.9425263]
[5.905557]
[5.865566]
[5.837416]
[5.7952566]
[5.7623806]
[5.7359834]
[5.6976714]
[5.668847]
[5.6458592]
[5.613562]
[5.589483]
[5.5701847]
[5.5458245]
[5.528978]
[5.5030994]
[5.48262]
[5.4656734]
[5.440787]
[5.4264913]
[5.4011216]
[5.3811426]
[5.3644414]
[5.339624]
[5.3195806]
[5.3027196]
[5.2779355]
[5.2577457]
[5.240956]
[5.2161746]
[5.196014]
[5.1793013]
[5.1547117]
[5.1400433]
[5.1151996]
[5.0952973]
[5.078897]
[5.0575676]
[5.041758]
[5.020913]
[4.999994]
[4.9796667]
[4.964123]
[4.941251]
[4.922483]
[4.9072604]
[4.8851037]
[4.8716574]
[4.8498263]
[4.836674]
[4.8176255]
[4.7998123]
[4.7865367]
[4.7663198]
[4.7507405]
[4.7376847]
[4.7209754]
[4.7043543]
[4.693493]
[4.6760693]
[4.665027]
[4.649115]
[4.634988]
[4.624815]
[4.609187]
[4.5999775]
[4.585132]
[4.573308]
[4.5646887]
[4.5512257]
[4.5437784]
[4.530975]
[4.5236955]
[4.513178]
[4.505775]
[4.4954877]
[4.4880047]
[4.4807925]
[4.471778]
[4.4648237]
[4.4600124]
[4.45202]
[4.445729]
[4.4414496]
[4.4353576]
[4.432314]
[4.4265437]
[4.4235344]
[4.4190826]
[2.8156164]
[2.5277357]
[2.678692]
[2.7273197]
[2.734409]
[2.7438192]
[2.7543318]
[2.7651358]
[2.7741666]
[2.7829068]
[2.791016]
[2.7972283]
[2.803789]
[2.8103266]
[2.8186576]
[2.8283398]
[2.837536]
[2.8485303]
[2.859002]
[2.8715293]
[2.8833025]
[2.897347]
[2.9126992]
[2.9266462]
[2.943759]
[2.962389]
[2.9784896]
[2.9968967]
[3.0156786]
[3.031132]
[3.0455773]
[3.0620272]
[3.080837]
[3.0967715]
[3.1159775]
[3.1359963]
[3.1524162]
[3.1726658]
[3.1896427]
[3.2105124]
[3.2318642]
[3.2488215]
[3.2704175]
[3.2923245]
[3.3093898]
[3.3320622]
[3.349266]
[3.3690739]
[3.3825846]
[3.3961947]
[3.4062712]
[3.4160693]
7.77526248212
7.76975721499
7.78325059063
7.79962286864
7.79880882469
7.79354511696
7.80675713916
7.83291157524
7.8505021343
7.86186036445
7.86530902021
7.85949684935
7.84107215241
7.82773747718
7.82073944132
7.81626883767
7.81262721125
7.80921631287
7.80661394367
7.80406043228
7.80134603252
7.7978354536
7.79437068575
7.79293262102
7.79169214891
7.78959621393
7.78855174805
7.78705944448
7.78640393672
7.78622216697
7.78649682433
7.78682014496
7.78714696132
7.78714696132
7.78741249804
7.78851881999
7.79022082782
7.79204735837
7.7944879066
7.79678682377
7.79984898516
7.80330415268
7.80902883624
7.81612811456
7.82268864193
7.82873871466
7.83466459178
7.83889125675
7.84405571303
7.84930025498
7.85590270803
7.86304859174
7.86973549418
7.87785758276
7.88646808402
7.89448430774
7.9037936644
7.91274337379
7.92361217932
7.9218519641
7.91025841744
7.89894654301
7.88774160138
7.87438883376
7.85850716246
7.84118113427
7.81620585151
7.78976560822
7.74934494471
7.71366614997
7.67037387216
7.62489884313
7.58387747621
7.53542663215
7.49192009297
7.44041303181
7.39400552347
7.33904714496
7.28598890125
7.22882168269
7.17183372386
7.12172301539
7.06439171845
7.01374719331
6.96330624101
6.9064557706
6.85060281745
6.79641850642
6.7571090603
6.70698873669
6.66508466689
6.62515909621
6.58754578955
6.55244456491
6.5291078437
6.50303380608
6.47529397699
6.45050774432
6.43479589963
6.39115413763
6.38226051056
6.37643665083
6.37057766327
5.86013358028
5.85121713336
5.83761114262
5.85422150871
5.88522481418
5.92630422217
5.95164870476
5.9653811187
5.97605570616
5.9806600003
5.9813664316
5.98607297237
5.99409034172
6.00424236911
6.01437353229
6.02316605985
6.03378921222
6.04474366267
6.05610765939
6.06791277314
6.07834848992
6.09096028455
6.10397564922
6.11351691166
6.12929496855
6.14349587846
6.1581738695
6.17327565274
6.18879233142
6.20473946901
6.22108878506
6.24028833758
6.25254663049
6.2751379272
6.29571441809
6.31413644708
6.33296248886
6.35494156957
6.37174012126
6.39455912762
6.41488393358
6.43849078117
6.45963737759
6.48450630798
6.51056432244
6.53501204677
6.56403119947
6.59311015821
6.61779883566
6.64382498079
6.66908677447
6.69219460703
6.71944861778
6.74373886052
6.76846973303
6.79716757873
6.82634464096
6.85226786405
6.87854969294
6.90851783652
6.93662200333
6.95905568558
6.97424858869
6.98533777729
6.99637103316
7.00521351784
7.01387583728
7.01901609319
7.01969620663
7.01261830473
7.0021495271
6.98364193007
6.96371082719
6.9390485056
6.91129845811
6.88109154607
6.85274652149
6.81772060813
6.79444411868
6.76443862016
6.72022001809
6.66746274691
6.60165821843
6.53920717258
6.48715378616
6.40618402993
6.35090649258
6.30148840326
6.2515826316
6.20125899073
6.07926465064
6.00141609373
5.94609932585
5.89866934553
5.85247231684
5.80142189706
5.75852141414
5.71195027641
5.66807471154
5.62809115152
5.59577650291
5.56126214062
5.53287277694
5.5015918495
5.47885673055
5.45622371996
5.42662132973
5.40132753775
5.3795335383
5.35769745151
5.32531000589
5.30051046654
5.27531257747
5.24671834451
5.22205398721
5.19037849399
5.16262949991
5.13496958331
5.11102895037
5.08401535628
5.06078592072
5.03614102386
5.01344872262
4.98628295
4.96435805841
4.94581728912
4.92456313411
4.90079419083
4.883300252
4.86600090176
4.84900919612
4.82961005046
4.81065256276
4.79186783375
4.7742477928
4.75711945453
4.73735223463
4.70343449323
4.68487363826
4.66748946247
4.65377193008
4.63761538781
4.6209219777
4.60154334507
4.59159386858
4.57655919586
4.56474926622
4.54979365612
4.54043451444
4.53108740087
4.52001454128
4.51239754593
4.50862313041
4.50213072041
4.49669870231
4.4901040109
4.48511260323
4.48087165127
2.77289761866
2.76675660021
2.7674207791
2.77736957051
2.79059820504
2.79906860563
2.80914569649
2.82009974386
2.8293108963
2.83628777883
2.8391191558
2.84162506714
2.84573486295
2.85214857227
2.86164130905
2.86736522008
2.87321440497
2.88084691577
2.88719998329
2.89896760448
2.9058069726
2.91516480465
2.9251116428
2.93544971129
2.94192066985
2.95313373075
2.96752435077
2.98012228905
2.99298918423
3.00078438733
3.01384989896
3.02713108064
3.04354250782
3.05475821848
3.07197043003
3.08667835717
3.10336174048
3.11571599154
3.13145211444
3.1474833031
3.16720619558
3.1772809273
3.19090925477
3.21173572363
3.24017530949
3.26954359138
3.28460704272
3.3073255634
3.33830392297
3.36964700778
3.38362332547
3.39520921205
3.40549959163
3.41857188833
3.43018145979
3.43832773349
3.44810343326
3.45106996822
3.44761823296
3.43714665441
3.42777765522
3.41453591207
3.40147426262
3.38535132861
3.37449546471
3.35980663545
3.34260844351
3.32272022863
3.30389306814
3.27430822947
3.26074552722
3.23145761448
3.19692014625
3.17685865998
3.14097767074
3.11473402966
3.0712877395
3.032006188
2.98518007985
2.96110295325
2.91769300153
2.86675196203
2.82095831011
2.78746778588
2.73252440233
2.69751589907
2.67632245261
2.65511702859
2.63384236934
2.5838639744
2.52659945288
2.4978518507
2.49049812439
2.42507037739
2.39629081758
2.36072072032
2.32569009156
2.2910029477
2.24341632179
2.21048769761
2.1785794241
2.13568196168
2.08922045787
2.06701564934
2.02931717452
1.99348424307
1.95368629172
1.9245007473
1.90038435838
1.87189970843
1.84874245537
1.81699899755
1.79930600196
1.77292449305
1.74312271398
1.71396174309
1.69343667633
1.6691736302
1.6400205728
1.61368953508
1.58449829865
1.55657128148
1.54981582035
1.52990589858
1.50530476902
1.49370115312
1.47155670453
1.45879573147
1.44433033355
1.43097037945
1.42885076237
1.42676890213
1.4186359647
1.40771430597
1.39655470377
1.38572854717
1.37699551242
1.37045454803
1.36602733598
0.284311555139
0.279842210978
0.272061806589
0.285777429214
0.303278880548
0.319704839516
0.337859990609
0.34998645871
0.365135143278
0.387214241576
0.41847103571
0.454691847841
0.499847187192
0.535267165756
0.584487367865
0.628775508827
0.674025024079
0.726986265499
0.7805220137
0.82795423406
0.875978488722
0.931127570561
0.979600250658
1.03532565606
1.08443086492
1.133839991
1.19032793335
1.23987357444
1.29667968787
1.34646679679
1.39637693501
1.44635300955
1.5035793531
1.55373410788
1.6039436781
1.65426476501
1.704621815
1.75501791518
1.81267456563
1.87040021581
1.92094526228
1.97874637984
2.02936259169
2.09449161972
2.14518408454
2.20309807538
2.25381157978
2.31179206472
2.36255573207
2.42058941927
2.47138284529
2.52942621477
2.58024120459
2.63833815792
2.689179634
2.74730814277
2.79820287319
2.85636115069
2.90728404643
2.9545443168
3.01277349251
3.05643958975
3.11470461479
3.17293828671
3.22393303435
3.28218316926
3.33316952415
3.3914804588
3.44245245705
3.50076558558
3.55177873179
3.61009156822
3.66841633557
3.71947098104
3.77047251057
3.81418316579
3.86522762831
3.92355269627
3.98187931145
4.03294823183
4.09128895577
4.14233749359
4.20069297071
4.25174462064
4.3028024799
4.35386573777
4.40495789946
4.46332584779
4.51439330837
4.572752
4.62382363837
4.68219859383
4.74054799627
4.79164346227
4.85002352747
4.90106853106
4.95946262324
5.01780613639
5.0688760691
5.12724083489
5.17835103832
5.23668690789
5.29508567648
5.34615509337
5.4045619731
5.45565928848
5.51402997859
5.57239630123
5.62348543868
5.68191427931
5.74032990575
5.79161313023
5.85060700652
5.91015920689
5.9693897951
6.0212402656
6.08011617397
6.14453244726
6.20755550533
6.27753323501
6.34105846686
6.40579132455
6.46442576976
6.53146972218
6.59720980301
6.61593132723
6.61633535487
6.61639794722
6.61640002266
6.61642268421
6.61649886538
6.61683477912
6.61739807932
6.61771629382
6.61765717546
6.61759740653
6.61747890182
6.61736737831
6.61725981456
6.61726381336
6.61724426484
6.61720254372
6.6173367615
6.6174925724
6.61760460448
6.6180500957
6.61831519745
6.61877244389
6.61931990487
6.62000167215
6.62046546682
6.6215698619
6.62331203221
6.62458015137
6.62481835762
6.62493115996
6.62514157288
6.62484551138
6.62538537859
6.62589175417
6.62610801625
6.62635299251
6.62665406507
6.6266447228
6.62704311508
6.62717799836
6.62717799836
6.62717799836
6.62717799836
6.62717799836
6.62717799836
6.62717799836
6.62717799836
6.62717799836
6.62717799836
6.62717799836
6.62717799836
6.62719143183
6.62719143183
6.62719143183
6.62719143183
6.62719143183
6.62719143183
6.62719143183
6.62719143183
6.62719143183
6.62719143183
6.62719143183
6.62719143183
6.62719143183
6.62719143183
6.62719143183
6.62719143183
6.62719143183
6.62719143183
6.62725935618
6.62725935618
6.62725935618
6.62725935618
6.62725935618
6.62725935618
6.62725935618
6.62725935618
6.62725935618
6.62725935618
6.62725935618
6.62725935618
6.62725935618
6.62725935618
6.62725935618
6.62725935618
6.62725935618
6.62725935618
6.62734221217
6.62734221217
6.62734221217
6.62734221217
6.62734221217
6.62734221217
6.62734221217
6.62734221217
6.62734221217
6.62734221217
6.62734221217
6.62734221217
6.62734221217
6.62734221217
6.62734221217
6.62734221217
6.62734221217
6.62734221217
6.62734221217
6.62732854672
6.62732854672
6.62732854672
6.62732854672
6.62732854672
6.62732854672
6.62732854672
6.62732854672
6.62732854672
6.62732854672
6.62732854672
6.62732854672
6.62732854672
6.62732854672
6.62732854672
6.62732854672
6.62732854672
6.62732854672
6.62732854672
6.62732854672
6.62736945331
6.62736945331
6.62736945331
6.62736945331
6.62736945331
6.62736945331
6.62736945331
6.62736945331
6.62736945331
6.62736945331
6.62736945331
6.62736945331
6.62736945331
6.62736945331
6.62736945331
6.62736945331
6.62736945331
6.62736945331
6.62736945331
6.62736945331
6.62736945331
6.62739756296
6.62739756296
6.62739756296
6.62739756296
6.62739756296
6.62739756296
6.62739756296
6.62739756296
6.62739756296
6.62739756296
6.62739756296
6.62739756296
6.62739756296
6.62739756296
6.62739756296
6.62739756296
6.62739756296
6.62739756296
6.62739756296
6.62741375845
6.62741375845
6.62741375845
6.62741375845
6.62741375845
6.62741375845
6.62741375845
6.62741375845
6.62741375845
6.62741375845
6.62741375845
6.62741375845
6.62741375845
6.62741375845
6.62741375845
6.62741375845
6.62741375845
6.62741926567
6.62747410196
6.62750858303
6.62750858303
6.62750858303
6.62750858303
6.62750858303
6.62750858303
6.6274996569
6.6274996569
6.6274996569
6.6274996569
6.6274996569
6.6274996569
6.6274996569
6.6274996569
6.6274996569
6.62744298659
6.62744298659
6.62744298659
6.62744929749
6.62744929749
6.62744929749
6.62753958455
6.62753958455
6.62753958455
6.62753958455
6.62753958455
6.62753958455
6.62753958455
6.62753958455
6.62753958455
6.62753958455
6.62753958455
6.62753958455
6.62753958455
6.62753958455
6.62770105689
6.62770105689
6.62770105689
6.62770105689
6.62770105689
6.62770105689
6.62770105689
6.62770105689
6.62770105689
6.62772563785
6.62772563785
6.62772563785
6.62772563785
6.62772563785
6.62772563785
6.62772563785
6.62772563785
6.62772563785
6.62776374745
6.62776374745
6.62776374745
6.62776374745
6.62769194337
6.62783200846
6.62798215813
6.62805924703
6.62824032991
6.62842313006
6.62841425534
6.6283883658
6.62884355979
6.62903987027
6.62889727172
6.62936682524
7.90098494949
7.90564262628
7.92259138913
7.94293034764
7.9527653495
7.95287631014
7.94132291478
7.91626352911
7.89655633571
7.88424632779
7.87649725573
7.86875132961
7.86222451774
7.85507491151
7.84938231319
7.84402532779
7.83923190477
7.83461272945
7.83014518059
7.82661730197
7.82329064078
7.81961276923
7.81772521245
7.81569797793
7.81328285337
7.81274446102
7.81222049403
7.81164839302
7.81092472942
7.81192004015
7.81321954753
7.81442875699
7.81592592379
7.81781167883
7.82043254903
7.82344982297
7.82808478356
7.83312227759
7.83791058367
7.8419719433
7.84695032714
7.85229658969
7.85809848354
7.86438202079
7.87027725747
7.87746961193
7.88121823177
7.88412910854
7.8942677369
7.90060825608
7.90953438209
7.91799413288
7.92623410473
7.93127320234
7.92868669248
7.92296012745
7.9150398374
7.90258657396
7.89639237778
7.88527490195
7.87835592654
7.86553577238
7.84336797347
7.83034424913
7.79874510463
7.7855503929
7.7569574486
7.7215069232
7.6950826903
7.65098774047
7.61109000865
7.57571080096
7.53877355569
7.51353668177
7.48066778924
7.42676667589
7.37124220574
7.34338541476
7.31544355996
7.26612502771
7.20934321777
7.18081772464
7.13072064271
7.08061742445
7.03767461589
6.99417840514
6.96535791659
6.91562361647
6.86650800382
6.83896369277
6.81173707709
6.75900047964
6.72720987963
6.67835257845
6.63766645297
6.60459297778
6.57323048803
6.55810983193
6.52506546563
6.49467976384
6.46718752942
6.43659199582
6.41671281887
6.39828618155
6.38914015931
6.38047203627
6.37493004398
6.36835626298
5.82744169811
5.82079777474
5.81011037357
5.82554842291
5.84766152852
5.8734729517
5.90118574998
5.92173791835
5.93660206969
5.94269298105
5.94543143763
5.95235030813
5.95793503972
5.96742431048
5.97604673214
5.98906059843
5.99490121586
6.00496296247
6.01729223509
6.02989302491
6.04465114824
6.05931228524
6.06959249033
6.08161290939
6.0954397122
6.11163067867
6.12216532971
6.13736293279
6.15545785566
6.17439045784
6.19160870903
6.21188173427
6.23260475567
6.2482676755
6.25869567939
6.27167944032
6.2873390355
6.30325207058
6.31675416816
6.32495990732
6.33601818912
6.34721170781
6.34721170781
6.36713488042
6.39040924686
6.41120419749
6.42019624958
6.42019624958
6.43225119326
6.44140268573
6.45376897339
6.47276904649
6.49581790318
6.51668366271
6.53097972288
6.55246836225
6.58082125068
6.6049797493
6.62778585104
6.65024982751
6.67665809339
6.70045391496
6.72821476473
6.7529367494
6.78165404269
6.7925470428
6.80716883995
6.82558814054
6.85536375274
6.87415990286
6.88545153108
6.90466853421
6.92703500352
6.94120582216
6.96327998932
6.9823380341
6.99784478224
7.00583179685
7.01402468043
7.01741504862
7.02033437535
7.02248151276
7.02314847499
7.02203696764
7.0175437147
7.00797576702
6.99220229515
6.96879876532
6.9430052862
6.92764394214
6.90366944111
6.85573278616
6.83710848632
6.7972697462
6.76014368192
6.72153764294
6.67626159026
6.62941167813
6.58070765926
6.53659908155
6.49773783471
6.48458742636
6.46464768755
6.43779364615
6.4106631979
6.38318713006
6.34136559913
6.31332299291
6.30629646217
6.29219024205
6.25649541816
6.23513782838
6.19930747666
6.1634054229
6.10610654001
6.06328566811
6.02066139345
5.97164016939
5.91664664026
5.86955384836
5.83680011867
5.79245013373
5.75600169664
5.71486550253
5.6760888184
5.63487743991
5.60194128877
5.57108964687
5.53808465144
5.51090355812
5.48053974081
5.46567578317
5.44700671324
5.43237489927
5.41078968977
5.34772976057
5.33743540171
5.31971540204
5.29426723007
5.2836604362
5.26242889132
5.23824011703
5.22121740006
5.20745205445
5.18343743427
5.15988324188
5.13293926918
5.1060956394
5.0826779579
5.05610260652
5.0299338105
5.00409721531
4.97869648976
4.95370406025
4.93223339138
4.91405326433
4.89320534802
4.87572618525
4.86425538205
4.84443385783
4.8251963325
4.80607375021
4.78572741713
4.76805914506
4.74788544623
4.72939428106
4.71061628815
4.69333654243
4.6778899354
4.66157668414
4.64511606615
4.63198286912
4.61856514457
4.60814499174
4.59922184969
4.58744167744
4.58000703856
4.56916575958
4.55943850208
4.54863707807
4.53797843732
4.52898740751
4.51835050082
4.51094232649
4.50452727107
4.49920434634
4.49403041536
4.48882880954
4.48504951289
2.76359769127
2.75704142188
2.75798825422
2.77026058879
2.78027111435
2.79333391823
2.81087080501
2.82226726141
2.82799641409
2.83248208897
2.83494927487
2.83919944862
2.84117074341
2.84117074341
2.84688295209
2.85060153339
2.85825454944
2.86626102388
2.87747484126
2.88492911559
2.89590731851
2.90894338638
2.92231617557
2.93452814846
2.93869933328
2.9450397352
2.95378241197
2.9628235576
2.97486270159
2.98475766396
2.99472085809
3.00480997252
3.01759849793
3.0306766715
3.04133271711
3.05223021866
3.06051785328
3.07746303042
3.10074054593
3.10970631767
3.12499381424
3.13748467029
3.15662858119
3.1598728366
3.16967328436
3.18296370339
3.19980079699
3.22748580345
3.24163446117
3.25971512084
3.30056869439
3.319242407
3.3419118232
3.3602640644
3.38415843148
3.40256347222
3.41827027745
3.42663013351
3.43510770961
3.44563134705
3.45520242027
3.45775749459
3.4606123007
3.46165112722
3.46167810129
3.46167810129
3.46141688362
3.46081961725
3.45736328529
3.45205178404
3.44308875066
3.43060102389
3.40949475463
3.38393739571
3.35767680927
3.3315475007
3.30491359665
3.27966273165
3.24742559354
3.20079378488
3.15491200393
3.11095483496
3.06592708522
3.01908264264
2.97679424772
2.93323143819
2.88845825064
2.84256957649
2.78208178911
2.72700016729
2.67745385994
2.62061990506
2.56320847615
2.50576418877
2.44780399569
2.39036932958
2.34129256019
2.28588673329
2.23217294309
2.18067851236
2.13209885079
2.08611268369
2.04778582477
2.01091017419
1.97023949369
1.93081860591
1.90175733625
1.86354925224
1.8266062791
1.79485504086
1.75920825218
1.72894141736
1.69931276942
1.66653773671
1.63887072613
1.60831721848
1.57916254702
1.55474552489
1.5281451723
1.50624361291
1.48277346996
1.46113899005
1.44611942108
1.42773867188
1.41344793307
1.39903138067
1.38682806117
1.37792663104
1.36987469254
1.36483532301
0.287317066415
0.282019879127
0.274488982971
0.283190747747
0.299866116574
0.318584693002
0.333947656987
0.347928086441
0.369169047324
0.399990872222
0.436389014012
0.476161214337
0.521596217336
0.565236183338
0.613391057235
0.665845768955
0.705718966092
0.739401547059
